1500
6647 31485
47687 99528
97428 73008
73013 88749
61309 62568
92605 35543
40179 5270
28045 68336
7149 38483
70148 62211
4784 4177
76239 24027
11128 64785
43541 58178
30958 95245
93083 80885
65490 24506
49259 58219
4478 71071
73023 56214
74089 19870
47393 52769
21145 12005
76228 64336
98772 68523
27403 56152
64773 87560
73872 4838
7294 47977
87711 65268
62813 18267
57927 9605
99869 17222
253 82143
64129 51961
31891 77195
42759 82854
4417 53559
30085 35966
40013 54431
4158 18545
48721 88863
42262 47178
24319 34587
70192 91343
13122 53101
7973 75763
21097 29115
16964 96002
43 96799
88204 44991
21488 35614
28355 49475
77993 75965
81694 89658
24444 68558
78698 51646
98073 36320
73551 8652
4558 41290
44449 75558
80745 84305
97166 53348
2130 87894
69614 10617
87864 44042
64119 12912
18320 91748
85990 45641
53334 4255
88367 9959
64344 43958
81147 45128
44618 92017
68197 25629
70438 89292
14605 41747
66930 71279
92282 31815
7635 29873
5801 40796
2078 53249
4606 20092
13423 47583
56231 8273
94749 22996
97132 81855
40951 75008
22509 93196
60445 32073
98773 12207
70684 91692
27145 16929
91324 80472
94585 81373
33286 47587
79453 47548
78895 12883
40011 41687
92980 18818
80296 65632
55787 84028
31658 15687
31767 82195
1262 19404
82774 5750
58214 41373
56603 54415
61372 61723
71748 74547
83013 34407
24016 79469
72578 59247
40550 92441
3175 63847
39620 63503
89085 64908
41339 36321
89341 27921
43602 50225
74906 48878
90605 1338
34725 59460
37495 1926
99093 90321
56018 42438
32553 86751
42419 1284
78730 42487
22930 64799
56890 24927
4435 17324
16038 97076
71688 68729
43465 75422
78824 85282
17837 90302
45823 37451
54285 66621
31768 34580
43142 12730
80732 67297
62691 77472
95347 61702
97795 7698
92651 78946
13932 47716
99697 85519
83816 69020
98521 15633
445 93256
84818 41421
15555 77668
48756 29698
40716 13313
63753 67611
34732 49278
6996 82337
65946 97178
68723 12014
92113 99533
3595 33101
99677 12686
62272 41449
14820 72919
22882 75473
62148 85995
36636 66102
45196 21795
58181 82757
43338 62803
56228 1772
19630 67380
83118 64551
66477 74834
20540 79987
53923 22014
42899 98231
7288 22247
37746 81792
15528 2905
65090 92173
43291 22552
2865 14866
92391 21606
25795 57832
82196 69686
68635 75600
13161 90577
84238 16341
58769 93101
82082 37861
34141 48448
16390 41958
95489 6029
35247 88395
84665 68974
36604 49457
93916 84517
44679 85155
54458 85183
95124 65501
60872 24417
31014 49337
14046 29840
78928 85022
76403 82185
17332 14485
82459 66112
23482 2847
78910 17172
2975 46753
95205 58178
63838 28051
76944 18020
98119 19264
79916 10574
14899 33959
96867 13864
23627 70484
17058 87133
72735 70224
40895 42201
90592 1595
48778 5692
71519 65097
61009 69630
74431 71135
191 93073
13939 75780
50809 39102
89548 26443
94333 76378
16875 2648
19569 47873
52292 70990
74518 81249
78679 69183
40617 44059
92305 4232
95971 5501
79580 83617
59583 66503
35353 86354
12391 37432
72507 40556
7168 42609
34337 74133
62499 92086
8106 91276
85795 1847
69419 46099
56609 45908
64705 9923
89802 58857
73077 85301
73963 60455
21724 9490
74842 69367
61352 16168
7783 99231
23277 16253
13690 64591
68729 98344
36925 58192
27680 94237
62909 25343
90751 64815
60521 50122
28089 22331
17616 65800
35905 54268
5154 5816
59703 65835
50074 58635
76255 28330
2861 80895
79748 51477
11922 48230
64926 83180
42678 86071
17895 50402
29526 66690
57800 62029
18432 90824
46793 97115
37315 88623
36609 50005
31159 85700
15115 24049
74882 34923
81143 86273
55776 26809
18770 71221
20234 63272
79367 59493
48533 27618
59898 38325
43783 63609
95999 62270
54301 7764
57782 82659
45483 10540
42462 67766
70880 56353
31021 30451
80996 11438
4105 57442
41300 18097
66079 61418
91842 28980
84214 72688
74463 64659
23771 46818
29199 49862
18548 85108
39505 70672
12281 69772
1340 17700
99029 80309
39906 74189
73006 33310
80675 47381
20683 28260
49623 64667
83791 66377
77912 90604
32040 69661
85450 8119
83076 70930
28105 27909
25963 82191
97298 88682
57999 14316
36133 21167
55208 3159
81244 18601
19698 60265
97670 72359
95024 75740
58975 44521
9841 49115
45734 99363
3718 54886
21631 56965
43845 83309
72657 57584
51333 55927
6093 92024
98294 47737
42605 7408
96469 54012
57372 99525
92741 96135
40782 51823
91743 45732
32076 40330
99386 64578
1984 45942
89521 65633
14766 66909
38033 30964
23425 10784
1277 9799
51579 35987
78301 25476
94542 67301
36301 56273
53623 99784
76219 11120
69986 43514
8472 87814
86417 23273
18152 95751
71058 97512
53413 16334
41035 78877
31416 7405
25562 42180
42603 80334
77666 77139
48007 63283
46397 53660
15864 36745
42901 2184
75533 89395
5142 94927
79131 96827
88362 34147
37738 2662
78485 88256
30554 62087
60167 57244
95945 50184
32545 25931
84678 697
86256 71815
52280 11406
62992 17266
61838 67451
61719 51388
65730 8089
27274 31793
97889 11044
21090 11735
82871 34274
89419 13416
8002 31300
90896 87837
96555 13823
47507 8427
7485 45941
35837 46876
97854 16685
29300 71432
52479 1599
47568 549
79290 16663
22436 87568
13836 16984
76354 18448
80619 53266
52211 76855
38621 77476
72738 85701
42423 68129
32131 27042
85403 9882
88916 92727
47264 22529
90305 35061
41878 53687
87614 92704
83361 66670
18157 23952
46350 10861
20072 13226
61549 23711
97055 42135
38189 139
64109 62630
52685 71907
33134 44900
56674 63629
58275 28605
89733 56783
70935 4239
92424 73750
28725 26948
96450 41911
62450 92409
71174 66686
81750 21709
62849 11639
39714 37109
15712 84901
26761 4467
86598 72059
76324 51661
88582 45743
2048 90128
39021 57493
26084 2332
65465 65749
98820 59358
94565 38977
95422 86713
27196 60995
17728 53668
83389 48490
40325 62030
86942 12670
46545 8166
88164 78073
78238 80320
88332 34046
17640 89116
8214 86550
70698 58605
20178 93
89554 88690
56813 48192
63437 36504
93929 4224
98252 17708
40752 7462
67282 51175
21094 87995
40516 28623
95200 61903
25356 90024
9632 49065
84464 95671
11474 81238
39952 65350
70640 70313
50328 76846
448 84930
25881 91862
89691 28730
68385 83236
80201 42748
16197 37983
70769 36558
347 85268
62867 33245
70891 64901
4981 39118
5507 92527
42743 93658
29496 63537
51102 43868
43621 54095
55373 21340
4483 48895
40500 83442
32734 39688
85614 41662
33935 73714
35081 21799
22085 78428
51644 40194
99163 78910
73653 97039
97729 51668
81398 68058
65785 6977
39466 57091
11662 59072
28098 68448
25233 66345
69658 85162
14012 3030
42360 39655
97736 49618
5983 30691
72233 65454
29767 45302
7547 76700
55396 58548
81287 83199
74856 6042
56486 54999
88964 4288
4421 63534
5148 58657
2866 23207
58047 76498
35425 19516
2139 48228
99406 72620
47802 78643
40151 46608
40108 27014
55997 20490
19821 32258
17585 6503
48136 69674
70958 43644
18046 70958
18929 31884
45923 78638
17929 67367
25127 40448
76891 16724
99765 45726
84593 44525
59973 83560
26799 10726
81519 56513
34158 52962
1502 11323
46158 93642
90378 72472
817 85379
8458 61172
99932 65463
15015 2605
36424 5249
80632 21613
55081 51843
71909 81031
97136 94736
72974 59024
19796 90637
54618 99934
96041 26172
30782 16726
70377 35041
68302 8295
50577 47319
61542 69080
51866 81604
3976 75989
22034 82488
96979 4062
77295 7235
27793 40139
78495 16485
27473 76637
4816 78352
22040 95986
12290 46470
10268 22214
41989 77426
16635 68114
8364 57970
62720 44569
12165 77455
92539 99497
90917 5608
52366 95827
19162 83263
21836 25635
72257 56583
86668 47484
63306 50022
33129 58956
90019 85449
87049 10862
94479 84036
55484 94685
46718 92484
4196 3048
35895 28566
99294 63563
59091 54724
94591 70049
76165 38378
78256 99051
83727 8687
31835 72754
6535 50653
63092 57104
10232 6892
70599 13286
75265 67093
84661 25100
3466 86435
15851 29391
41717 72241
71810 83191
32387 37251
75554 12753
39006 26477
17622 36119
44584 60078
91081 13489
95970 88593
16605 16453
32815 59749
46395 77499
26719 42543
4961 71234
92671 28104
54348 26002
69174 25655
66224 83185
88985 32640
6480 27278
42782 81526
35362 44915
32629 41957
51294 29483
99983 89786
45865 99967
19112 87125
35233 20396
66016 57064
16401 88090
95668 79285
436 55038
97317 88741
66268 83777
4526 78119
83835 45331
40008 99448
82218 96890
96602 33259
3303 37311
36880 61784
33106 12115
22079 1280
48248 10893
13808 37330
43401 80019
82170 74603
14457 24761
74644 81835
91760 36636
69804 45453
35947 94697
47448 67275
96667 20795
36078 67977
70237 37512
54267 17532
87557 78835
94010 74650
87637 34699
21736 11554
36924 94845
11457 49349
60 70032
10382 68098
46541 61274
51035 58726
40332 73580
16793 89567
39277 9498
86451 96007
69089 60902
94733 8917
6865 52882
61848 96880
43086 90727
48760 53284
3571 55872
63638 45833
26117 76953
77084 10690
55871 31842
42705 3126
61723 81587
79155 62098
79035 89685
58978 47506
55480 84030
97874 20079
52957 94569
20070 47873
33898 69153
36318 97476
11624 81788
50999 48247
56835 1641
74564 14718
43274 64315
62992 74757
60797 57354
13394 42806
81613 4458
85921 50768
1628 63777
88631 70491
92371 77896
91152 36860
46828 61109
32322 78823
24046 44449
59421 96050
40082 33145
5157 3954
96837 54068
41775 21464
23613 72813
88270 70009
49596 58822
20749 53609
57527 41097
1971 77807
51027 72072
3614 57476
19617 50022
13971 42356
8432 14570
69881 25864
3910 50509
10303 82302
74962 13844
51211 24666
61748 34097
28426 77886
64658 78060
43434 98277
45312 63891
93883 30467
33456 48432
37634 8859
20234 34585
59400 76308
73913 45292
10029 91886
11282 23968
18466 30052
1575 62110
28896 72217
33138 39084
54200 59223
81698 29005
20814 99872
36848 79031
88709 20077
56485 62731
88255 32763
71810 33379
18152 17243
85019 43644
85845 14819
23000 10288
54376 84881
781 11806
43605 72272
33621 41592
45261 25431
24920 54192
72037 78281
64504 43517
12804 83549
47370 62847
96156 16685
73295 21133
30483 77451
2482 79899
43373 9317
18843 92249
59602 57631
20979 9482
53607 58174
9184 72200
78077 13816
35871 68911
89089 93631
15144 4782
64519 5010
56385 71857
96012 13009
65796 46613
45489 44614
1007 84819
10530 39943
26898 12264
74450 32850
98423 74833
7556 34357
38913 65721
87208 92130
23436 71148
62387 35258
57311 129
70517 27474
33865 96517
32421 24166
94632 82174
88068 3726
13986 84789
69003 55645
11106 50140
31194 4096
10245 90613
37968 13261
38644 45310
429 10381
65778 14410
61469 14190
51619 25314
78415 24278
21700 11127
93421 3808
17091 54929
24705 31291
55172 24840
6208 52749
66999 94984
8630 94008
66923 92946
97268 93266
35323 13215
97683 49901
14235 93452
20741 9145
94350 22274
35754 80292
9282 66783
11577 23998
5885 9576
78088 11777
67297 29568
97346 16462
75649 61244
97962 9145
94207 12032
86423 27640
62062 98166
43856 19695
49175 92884
80319 16048
44248 35982
5296 32883
3906 76028
82649 58418
98310 52854
40550 26345
47654 51942
67522 90901
65816 98892
30014 79588
54496 13235
26141 34503
23902 9408
45389 50043
37792 48673
31942 51057
82522 90459
66655 22656
65626 22886
51837 31590
41113 29651
36339 63833
625 59998
83948 27626
34303 47749
13767 33307
57669 88567
20664 97806
84279 47373
80709 33375
43868 72539
19960 57116
56047 33912
54246 3950
56561 48293
17607 84112
81054 80741
82720 4013
67164 11427
28226 62695
74505 85950
36237 55296
11367 48560
64125 9327
22192 20992
54492 62405
39482 89236
47410 64010
53775 3023
81571 65107
54653 60913
3091 3914
51183 32167
99900 23113
81231 66058
98706 72234
63174 22550
73661 81472
60734 64531
39492 1682
10076 21649
25759 15539
68670 36727
37159 51946
66341 56376
1831 8505
81887 23348
45066 73524
2807 66271
19786 71601
3187 86222
92923 56522
55378 84271
64029 77342
67602 11235
60088 22351
62374 3772
59792 39540
13043 79246
98132 68645
78880 27020
54864 40354
96950 63738
50516 83352
33171 24348
43565 74239
80131 75016
20112 2594
37664 46385
90937 51431
79139 59913
3685 98721
4820 22073
53882 79465
9356 83258
46616 49949
47038 44179
50409 20262
2355 62751
70766 60995
58832 90960
98120 2399
83196 2451
93801 75351
89428 57747
28763 53480
35942 71725
89182 44143
14413 75418
86905 5867
69029 6300
32643 93949
6197 74097
37707 20564
16015 65963
43195 66545
84750 9877
41266 68647
71802 69493
54486 87198
2485 9959
99182 7407
69586 41575
45856 55003
80108 7344
42727 89255
49623 48720
21451 38621
63893 30030
11420 45413
57266 71632
50531 3925
19064 81662
65820 93589
34852 59997
72376 96191
8844 680
89002 29038
39632 42332
25198 48817
34199 13219
57435 71832
28268 18303
80021 92981
25445 1372
3885 59646
97345 43857
47722 98235
83589 92901
52497 94992
58892 30529
80222 82696
66684 41075
79329 78594
60075 19436
5318 93329
4412 4032
40396 86489
27045 57790
18697 71760
2781 51925
13694 77407
24329 1135
6384 89115
70004 27069
21635 49156
73216 88075
86224 54572
54534 57406
36058 97958
65258 85893
37937 76636
36696 76837
19150 73068
40320 85285
37875 83588
56473 37312
20598 60537
72512 30302
26826 90122
91748 7038
33746 74566
21926 5650
17016 30864
23660 36762
11701 82690
65233 67669
87949 68321
38722 41829
58118 41891
14031 97556
29783 22697
20966 91525
36749 76736
66250 75864
67658 64122
81616 19222
88894 87798
12952 25790
40725 54013
58644 66930
8533 38828
40574 49465
15569 21608
94082 56063
1158 34554
26931 86222
85327 14137
63026 32617
44258 67482
28248 54729
42974 64703
85066 69374
74911 81701
94013 1936
20113 80583
96184 20405
53071 74433
26649 70891
51054 66523
97191 13812
87926 31986
23781 16833
56025 62512
23370 37535
69092 75723
2308 46317
37111 93597
99218 20009
14427 75835
5540 27710
45797 498
52076 32549
31879 75919
37337 23021
12001 44083
58897 43568
94084 59776
50496 20843
21010 54229
91520 36092
41292 83328
40526 8066
86991 24124
7564 59475
60737 89183
60550 4082
99542 34805
6418 23874
38705 19134
78206 95352
13228 31492
32783 61686
45329 40761
41246 50473
9116 63260
63842 74081
91522 8308
4942 66332
82037 40644
60379 52670
92495 85122
1475 94428
97638 61944
97007 16485
82942 65218
99139 23139
19232 8352
12186 32659
55246 44887
7509 46457
26046 10426
34806 95530
33944 11802
33643 32672
31670 44029
50835 23385
57232 38663
83935 17473
64353 22533
70937 94650
9418 91215
36412 85131
89220 13899
47911 86046
36996 86325
79079 68691
36608 26190
71430 94093
85426 64827
21326 95527
50382 73156
36815 18303
13712 75957
37481 28133
85461 52679
44411 59514
79517 5465
94235 1693
64726 45243
36645 40031
38829 17867
47024 39761
52042 66973
20943 83591
71072 24798
64302 37285
10387 92402
58438 2630
23100 36063
53270 36242
91856 95788
20745 27957
63622 97744
15732 83321
49796 46629
30086 81628
53423 72571
58598 51372
72409 34975
1645 37682
66085 71804
19961 26744
11855 95171
1278 37367
38975 4990
48714 13172
23235 42910
16579 25591
94895 74189
93383 79546
33766 39719
14763 53523
51060 2684
14111 83660
34075 51521
26967 48680
23954 54663
30691 36959
20714 73422
55294 88227
46160 71990
59067 36341
21863 51582
46296 23891
34376 26968
68919 78228
6602 44876
12564 97561
86614 65830
15742 87396
12262 33924
12739 55515
40972 96731
62247 38485
24043 3219
19457 16186
98386 58135
5972 21618
6420 93200
14634 71482
97418 88739
72667 5242
16826 43478
51968 4870
30386 8454
18316 79085
28681 25850
17659 90825
7082 11483
6571 18007
53032 96302
2083 99683
4780 67144
92959 93607
75920 78895
67514 69548
91441 21850
52349 74556
22026 31238
59982 22625
72753 96540
32025 98948
14242 31215
66966 97200
93051 77857
99072 72360
23524 67664
66869 38451
15182 8483
77898 43837
93710 13937
51056 41395
15026 92324
41336 38695
81929 12547
24772 67458
52652 43598
27111 81804
76843 1588
9316 62557
23970 25366
352 27943
44142 69147
74632 89000
54295 42729
72403 26828
1550 30642
28813 46150
68326 78602
16352 89602
44065 85822
79011 95501
59886 85901
90495 90836
24237 27111
56858 24662
89084 78971
92391 35522
41979 39057
70752 81727
54655 99204
18191 44056
13766 49808
7197 86602
24811 65046
94632 59882
72008 69882
53915 79078
61269 55007
84360 64246
91979 80938
58520 94789
37950 13728
39179 90422
55883 17792
68315 69680
38437 15864
90391 65808
41488 20651
19115 61180
14342 70223
20540 74445
66186 21333
53996 40028
588 97532
56692 24809
26443 67186
56491 50522
12925 69188
61808 28112
47306 79483
76964 58953
98082 51466
77811 40924
96959 89272
15803 10076
67566 59935
91625 2534
27278 92967
2509 89679
22398 92199
53768 2310
72931 22401
75908 47695
67975 73579
78011 45182
78741 29655
27447 70728
25760 19992
90154 44435
27924 45630
16870 5506
71651 95033
74145 60142
12188 83180
7604 25454
69647 14141
84602 18873
18846 20545
97754 1475
23824 27734
56159 95703
9733 18905
41874 84952
41651 97340
42187 13084
32103 99033
68535 36113
87335 63983
58040 12827
32591 26406
99184 34123
5123 96481
87342 87186
41953 31494
64942 86587
9417 98806
33707 12987
60466 22585
99676 15658
71066 50288
64869 18747
1735 32146
60076 35511
77318 50207
1349 28911
46067 74566
86463 51693
6735 39174
47618 71607
13713 83051
71622 6673
39727 73729
50095 6734
92934 36516
49259 67927
20385 37712
93422 29737
48201 83512
48482 4967
95966 84183
14096 33074
89802 19529
86229 29939
86623 15108
18849 62170
7698 76477
85675 82798
79873 22461
44104 85566
59682 38706
15378 26492
1830 34076
82368 10001
56729 8592
41300 80225
90360 30313
31614 10334
6879 6592
71811 59577
84086 23483
94495 11478
63083 5541
54422 11097
45579 20978
65661 54958
70137 67086
52196 25973
57066 25190
97504 6208
21174 69319
87691 92473
62659 58560
27333 10419
15134 88980
92744 75
82353 40443
82271 84482
53211 29074
43526 39557
89958 84045
52101 40554
24502 63267
92056 52769
29626 26230
34844 72732
8879 2164
27693 73448
43799 50843
15016 2535
68603 73351
15142 66109
99170 16984
30306 71159
9249 47055
59105 13943
26621 57748
18879 86880
65242 32307
39957 28574
36167 72021
16507 84515
5608 14726
49676 54680
28520 92207
90446 30520
61538 6325
32774 20654
1219 74118
55261 12077
48910 30196
3045 42868
39116 21791
14740 81438
96140 68492
63727 25547
86553 29593
13559 87829
90565 60829
6014 10884
21713 96751
62575 18384
25005 52027
98843 24720
92369 45314
22399 86847
60254 53055
11515 31996
26694 51560
91334 54201
18932 97141
29906 63112
