100
41858 95873
51462 60355
4318 8802
41909 53295
28698 73780
29227 30075
93145 76024
56442 22747
9780 30083
21044 34739
77822 55385
10224 3452
70717 3414
52211 25659
43314 26360
97872 52580
12294 32961
98412 14874
77402 44417
50469 6379
46603 6472
67831 8317
59477 12169
70812 18050
69680 61330
79249 5541
19204 9752
55166 29700
79711 14508
76283 31159
35124 46976
74367 79143
65824 46478
43444 91380
69565 13189
95422 97081
14054 66646
5783 55389
78095 17273
73673 33131
64298 43390
656 45772
89295 29862
35143 60188
4884 90530
7465 84779
23753 62566
98855 45765
9864 63826
9262 83977
9973 44924
59738 46251
8180 36067
38694 83645
59264 88779
64117 75443
23618 87386
29992 45273
81710 61894
61881 22215
39741 68595
58614 75600
60955 27908
12069 43875
24973 69695
591 13872
56827 48083
51917 41537
99605 53121
84765 45326
71682 81810
13357 31742
38669 91860
42848 13385
98913 67473
85478 64600
82472 86282
84586 90663
70180 13015
76666 2887
70047 20327
38293 34579
31701 76437
25906 68803
19853 57638
651 97242
9338 70461
49196 85540
56751 71291
33910 81223
67226 82712
84040 89301
24643 46977
33445 32967
25349 63041
12667 64097
30090 98791
64195 43760
77716 92984
2961 56446
