150
33818 89238
30524 84582
44705 18839
4943 59964
44247 50630
874 35588
661 99509
80272 20924
69961 63719
55878 83604
40960 92969
22352 4987
56554 61273
66619 51712
91534 81133
45470 82603
67323 89190
38333 93879
18255 11881
82778 35987
67009 75847
74086 34523
63583 19119
35028 64126
33115 31567
22812 58037
23516 67052
54604 63902
50273 24390
76609 56491
79187 53160
32721 95241
39746 55782
73283 25101
14307 95929
81580 96066
38320 90500
41869 54509
82196 27982
67808 98904
68697 78484
1237 6520
34284 13029
58708 15133
36961 43506
84870 75679
85728 5915
88629 95151
51740 3218
18500 32894
73195 79080
39199 43160
84439 28315
21558 19297
54867 45827
54206 63778
80207 44729
38228 8652
13387 21100
77607 44379
85296 32074
29398 84790
48716 73814
11416 31820
78013 74014
72907 86956
89775 41295
39190 45144
77721 71782
26243 60393
11267 96033
50322 76863
59125 40779
3175 12083
15216 77673
30604 74607
17578 71994
3829 12315
25524 29075
55240 62198
15199 54929
16310 1564
48253 4270
31989 54608
87316 26769
77209 59166
70349 48258
94114 44829
4068 33749
38208 65347
5173 83866
35525 92302
62969 64978
36476 41411
44476 79241
13781 22360
34802 46394
7670 84227
43340 11086
20554 54056
97445 63147
12080 20613
47146 83340
33709 9762
70027 12344
66837 94847
67747 8788
20325 24102
3308 74938
90081 68232
29818 11951
55777 62055
91221 35467
66595 53491
37745 65610
60451 76488
43257 71438
38668 28753
58408 30452
32675 83901
97677 80313
10783 75976
75909 27579
74158 13829
61505 11387
32259 66893
50509 36989
62517 92141
34848 22302
88025 75879
5979 81670
24395 51374
14261 85472
84525 33669
77052 26533
2228 22276
72765 28427
65022 48378
71844 94209
87894 49909
82515 3858
26655 11081
42845 75591
17285 94920
80248 50130
40125 71974
14508 91996
81247 26016
75336 21061
92197 20185
