1000
65104 40795
58330 27686
35970 43537
95306 44365
94974 71273
77221 6492
37055 65728
93275 34776
10964 45938
32356 4496
68896 31384
14476 32643
46883 47670
27689 13823
6968 78940
63087 47047
34160 12959
82431 4623
83998 75817
32193 69958
77682 93142
23945 24039
93986 52292
31396 53419
83771 97891
39198 24794
52254 33215
5876 63415
5013 48075
43643 51961
20223 65051
50168 51990
96050 19089
62846 36941
78318 28758
14153 11093
19465 12892
99205 96173
70774 75244
83621 71761
1520 57240
73785 8780
52017 19423
93272 90471
13795 93985
91615 52133
35925 81365
96109 20824
48667 84816
77687 7219
86450 68566
69928 3204
64070 32424
70480 6751
90935 52105
88974 17667
96157 87877
39975 88099
25891 1209
26828 36013
77205 90813
17962 30423
59115 5748
85169 77855
50554 68097
89832 782
31705 34202
62345 22475
44342 98713
99134 7549
28882 45870
85505 53349
51473 37909
58810 61102
79472 373
30557 15445
64517 81991
46366 71554
20500 84981
45329 46742
31128 46673
84124 71207
25527 10824
73027 4909
28086 26514
70288 35421
23225 12762
45482 47659
237 734
31692 89788
26122 24509
78635 41014
74336 51560
14937 33749
48533 90518
56341 63606
37222 65285
19023 81224
17406 19237
32799 47040
62765 93338
99647 17362
70148 78508
18796 42520
82663 60902
43009 97156
89429 83225
42410 32096
22454 24026
15267 66479
46580 27772
90976 9288
65968 92663
42712 69000
12378 71372
47806 38282
69015 56688
67283 13453
46856 93123
34558 63506
16196 74727
52218 14929
98238 95364
58120 82111
3536 11485
83431 91112
25164 48908
39482 10741
33999 38273
23647 89817
6095 41770
71326 74925
33001 43565
28362 47698
15110 14218
10908 24554
26632 35676
25377 31683
24267 37259
65310 32095
76630 58008
92954 94440
39282 19155
67237 61566
32981 78836
45578 83139
87482 5087
71295 5764
47587 62241
50836 76755
54836 68817
23022 76817
90566 74516
56131 91358
12297 81986
65954 891
24514 31293
99717 85109
80802 86633
55610 11689
21474 44612
17002 15078
58962 89607
43526 59375
52348 86293
30078 46552
77810 43692
79322 51664
39166 44228
26155 92163
52939 79643
54280 22006
36861 11590
88828 62928
75943 5700
76025 76175
3123 15445
45086 46233
24266 96784
20638 3031
22399 60904
30479 86800
71424 54216
55894 47817
73276 39690
55046 35871
47986 28643
67299 37085
67239 27879
73438 51079
37826 63802
47226 13189
41175 76578
24038 74940
93822 36788
26684 83253
56059 81435
3986 93394
22531 41725
39103 12625
39851 2125
89668 77505
18333 88024
6034 96041
13935 91324
95515 41208
24110 61857
25749 21088
59323 84230
87922 5897
57715 30070
27484 98006
11343 94253
35611 48699
71364 49406
26414 67484
19708 58306
82952 25414
4486 80765
77454 13821
74610 75990
78566 1416
49697 98136
79591 4667
78878 90947
77943 94190
76233 24944
26663 50538
41272 69831
65874 29738
45539 26690
35419 27398
76623 44543
12150 41740
9639 38133
7116 33811
24782 96820
82319 97134
4526 5677
95086 60530
42275 80705
74171 14700
37986 81186
57385 34853
78031 98114
40211 54260
24128 12164
71060 64674
17740 65419
86540 93275
35337 35032
72499 47883
70135 34886
9354 74890
26438 93196
66986 31617
72899 63791
41723 6911
35605 69642
19799 2832
15932 56150
35333 14707
81820 45005
1064 66765
15319 37302
94582 2710
59710 66378
7052 23082
22655 59903
13685 58968
79121 39534
21744 80859
21244 81441
41401 45100
9021 37859
14185 62988
43223 97981
12537 50062
63151 54922
89570 38249
39804 66620
40536 50275
8295 14479
24939 84958
50604 3
61299 10959
85131 91600
23992 33980
47401 70253
54780 83923
6316 91728
19796 60865
72716 16809
47968 5599
36817 80615
38974 96953
54227 12899
20520 75764
67425 57443
16488 7530
52304 8780
92648 2196
63997 15848
16238 41442
89866 36353
73748 29390
12161 43145
69419 91078
21248 29420
89839 30514
80068 66751
89960 14211
19932 86572
88034 30960
90204 68591
64347 59898
3768 79604
37093 49089
25398 53251
41751 9521
70691 89340
4502 85227
93825 73683
69621 90995
87964 32878
92600 63453
43170 89456
29750 49268
63635 31546
58927 32443
45054 56888
30337 59492
30149 57193
29298 61343
67419 27808
658 50537
86946 85984
35995 24636
14761 64284
16710 66050
81434 83482
78063 55928
43956 60323
58544 27825
55808 42543
5827 64792
56850 98398
63012 81965
51014 96452
77584 53069
29891 58555
89240 2210
38524 33703
22838 37440
65782 40964
58395 96715
45599 47991
73477 83620
42451 58932
64173 14719
50388 67202
92010 84177
90620 8742
75924 77722
49460 18583
34231 66789
52801 25096
72436 66170
42262 3791
32653 2621
63799 86538
51154 77091
34534 77113
76560 95581
45571 43891
54951 30750
35821 42944
94739 72341
27832 6579
46583 45092
15039 14458
17734 60326
89785 36648
39541 15598
82401 4425
7882 36246
68147 68354
63293 35157
86056 51258
97479 51320
91908 92387
729 63648
47430 18609
68045 90974
85260 18103
86130 10144
10531 45251
37011 6588
26698 54604
93118 22014
47365 63429
92047 64785
64491 32048
73725 84651
44147 48562
27791 95782
66585 18258
32151 23171
91112 10858
94960 86476
26421 72552
29709 63134
12527 90348
67571 56243
55261 18613
21105 51200
2872 70807
70459 73826
66300 11311
16435 58594
80208 85172
86326 22218
96197 18577
48123 90361
28363 45331
79214 95111
15596 38737
97538 1606
75855 92514
29623 13282
51789 26166
2132 78268
51377 31039
75394 82168
83908 3675
20663 74452
63149 77796
92035 72942
73825 98751
81468 10923
72629 32584
26372 98555
64425 52580
76690 30121
71824 50324
18151 73476
10994 15711
94030 71870
27835 75148
5701 91312
11152 62312
96780 80944
28291 78522
13783 27986
64126 26142
72802 82756
46991 28783
64436 79827
21088 85675
73574 66635
50302 7869
34932 75719
84869 3272
55559 97538
81797 82527
10887 60347
79583 53851
17872 36487
95116 31904
47098 31636
38511 62194
2601 87622
53173 31166
53887 29620
52051 4861
87118 5514
75616 91718
72513 16268
76646 22594
51324 90183
95836 62536
89633 56216
30263 32205
47024 69278
83828 4303
67871 6868
90388 23083
31475 16951
1877 58270
37197 53013
66405 72809
52655 87189
86291 45152
139 75869
39837 18795
89903 45713
90297 45858
52779 29383
53130 78425
60311 69026
80751 35511
13016 7670
80495 18879
98646 41795
54453 64928
77776 26584
32770 39629
6520 24457
28603 9659
1635 9770
32349 45536
45176 81811
64374 35631
753 64882
43952 56554
15490 60317
2557 62623
38070 59251
62303 21227
28629 76914
25889 42023
38385 55904
38786 75490
21333 35413
13971 3699
15239 50638
75683 15712
10857 17843
23525 68334
65459 58761
28852 35512
16392 7621
9310 66188
1764 36150
37501 9540
96114 89009
99135 51014
49000 83427
43178 94253
62006 33034
50173 48729
25393 74351
69199 55650
38227 23906
43199 34448
66615 69919
6413 26985
23026 1942
16356 88617
27529 28226
91556 45707
99053 99091
752 43229
14121 96770
70401 18128
12436 21392
96392 92503
56478 78690
9477 12829
7076 89023
18906 8880
32542 97328
57360 89340
57374 79106
55026 74861
91966 44546
59358 27325
89950 28997
87892 13918
9547 87383
97862 33333
22911 48518
92083 79624
18517 24919
64738 67113
79839 58473
52609 41147
35412 32648
71825 47541
54899 19694
32172 85355
90269 5159
70933 69431
15354 42036
96602 41074
18590 9608
85718 86786
28217 65902
9682 19377
54811 92256
54357 95500
88945 90266
25442 55334
90944 38237
44181 79098
11754 80606
38535 31223
28597 70761
27243 64769
13553 27788
1457 59021
57757 90133
99260 73797
86444 44631
81129 815
41548 95236
83447 40389
7363 80755
6759 9812
72556 543
85467 16018
77689 8280
55939 81753
93397 60254
56060 72555
20477 81037
36530 16769
41872 37832
73864 66783
88499 98171
48226 5115
89354 13958
82519 31355
52351 9388
49513 66725
89969 8891
3375 12782
44667 83538
13305 94140
47691 6193
97918 85768
33797 24841
27672 71128
38660 3999
72528 35000
88324 61791
86825 65206
96797 87235
2231 10451
72411 52607
21956 21241
82261 9666
99832 30325
81182 48078
41511 15483
4304 98123
72144 26955
85228 27750
86140 64595
62778 42968
85987 5286
3812 78624
54837 22650
5849 18620
13202 11016
67447 16881
25677 40567
75386 85878
36145 86047
62276 62613
77059 7066
26052 63807
72968 22549
71046 65164
13538 38001
59305 23131
25401 13821
38432 42372
14078 31798
9297 45336
60911 40004
92123 40880
49960 62731
54126 12119
15739 19823
45266 46636
64586 40883
2881 38348
45708 5703
90789 74823
68095 27929
26679 38340
57625 98909
73549 46646
75935 61213
60113 20085
25677 13825
92428 16794
12473 5134
98516 34918
34455 26047
41169 49844
8199 18450
55958 71196
93039 97644
44179 56452
42267 98893
29092 69703
33056 84762
81455 90954
20866 42347
32767 55761
37709 97705
25439 80793
36287 32860
34713 28476
48447 1675
31829 5182
21631 61866
18718 21051
61331 17536
36238 65529
1670 60285
48338 47767
56061 6314
9100 93327
41722 15497
86503 83035
97240 98563
12296 22616
13220 36754
50314 75802
9638 60293
82752 13549
27236 27149
44866 88651
57076 70863
40607 51211
35336 18087
25108 65099
47977 25042
82526 59580
60908 23021
80563 70853
49738 61392
74367 64319
3509 71273
24136 25230
18768 62196
1645 10124
53805 89833
93319 37458
43385 66328
71073 88390
67304 11347
39745 89250
52694 85805
82003 59223
71358 99815
91365 59804
66193 19175
2632 58147
21816 2088
20445 72334
46012 10490
92646 62351
83213 52835
40123 52227
66564 11266
11294 53890
79532 83428
82452 26111
34816 64699
37872 58006
51347 11066
81637 58392
78488 46300
10253 53559
59554 13469
97636 17231
69180 63198
56277 49553
95892 26581
67302 85469
62774 35569
52728 96811
96145 38007
62945 83665
20397 57928
97085 57107
3134 87260
71497 52194
19838 65495
18363 83384
93544 25420
81373 47272
79494 11392
85079 74189
65133 31407
78673 41807
94762 94135
90771 53007
79004 29859
9572 86124
30258 61687
10457 88959
65420 6463
61496 75908
20319 58286
25048 19125
31006 70588
52169 95130
4942 73337
4967 54753
50219 72213
92610 50219
68674 97828
29090 53707
84607 40393
7872 88456
55882 93066
90610 19722
49652 73865
57604 98294
7463 28960
7535 45397
40868 80937
97438 22270
1212 54647
12280 50314
38381 35399
61760 74173
80945 22950
42164 78278
32318 87957
28596 41311
27885 1969
90630 8388
50137 48587
48157 70003
61943 72053
7584 3513
21411 34188
77982 77819
60204 24465
56532 66697
85587 58050
69715 9650
45268 49236
46026 1129
33920 22913
95180 56324
27066 24041
53421 72536
78000 67763
82753 84297
78329 93344
50081 54206
54236 10020
58943 82819
86118 57646
18876 94300
6155 19396
54637 21065
49640 76357
27208 82749
34504 57468
40666 21824
88036 24621
81764 10720
68956 17871
3104 662
80919 34372
44836 9489
94569 6040
55201 89873
89123 92972
36258 27557
61195 4538
9831 65071
93486 68949
79893 54897
14677 80284
4079 18920
45428 83706
79082 31498
14924 3350
75835 81310
44660 50470
21587 83664
47880 63523
41230 68187
46601 57367
21287 16041
95886 90436
11277 52257
54864 80145
1266 49922
4107 5839
16264 87985
72675 71926
10904 39111
69458 62462
77246 90572
71135 92304
48197 13463
82843 52907
75407 63992
81975 6139
27796 97204
75566 4162
22113 96733
37744 3629
95068 24229
56387 8569
25162 95533
63379 67546
37031 25788
77010 80440
80017 7180
69634 40941
82068 97334
30617 69063
88768 86365
11104 29228
12116 60761
70668 3426
24073 3614
49367 4213
33354 25885
35238 91760
10551 51478
5249 64472
64411 20704
76023 49884
91874 99441
93301 46423
4745 3868
20456 86329
88225 68439
6270 73481
40052 94714
40470 29355
25871 44386
57682 76911
26458 56365
62028 41215
38237 26789
96621 21278
70714 45572
25852 28431
96202 13302
80364 19859
89733 99365
1650 23304
24231 54002
27732 30931
89550 63016
65682 81550
98550 70167
78862 84549
51154 76440
74628 13690
3695 21538
55555 1250
48608 26879
7508 43695
44616 23307
50434 29037
53512 44542
1791 67414
72899 59487
72863 43098
99087 64873
79856 65404
87772 12854
44898 23877
87026 6202
47594 10082
15166 33333
71511 53443
20739 14759
48235 95461
51483 96441
5893 47546
39756 10378
71368 9240
82580 61352
92867 71309
11748 25694
49625 61680
53070 24171
1271 70201
11037 69234
23673 83400
66205 76146
49603 84753
75420 58509
19918 5153
40396 18864
88349 7415
86756 63105
64693 36615
34880 58854
27068 83021
65011 69676
53772 68366
84050 2594
84696 50531
306 30918
