500
64316 5386
59851 42474
19713 17735
24456 45210
96969 94409
16744 19361
931 83421
32872 65196
43051 59309
14546 46987
36869 36338
40242 50120
14201 62604
42042 32174
9835 4937
37297 82463
80537 6101
59422 44875
32878 65415
34114 80197
38003 90524
87469 42020
59842 59764
60183 11560
36363 53455
89249 5082
46606 79744
65226 7898
5090 71587
71855 53064
30714 40329
16121 3912
90710 76646
94016 97381
68168 18589
51385 90967
11024 859
64349 38042
3385 39572
11438 3619
39169 37475
54541 61550
51143 49411
10194 72099
53611 74582
31957 90111
37785 27718
51559 64212
28950 36366
36950 49023
83065 56252
22977 8979
96783 44938
91593 64543
3679 78925
17454 41289
75930 98012
28581 78016
84905 59413
45319 31961
56926 42931
71743 63794
97707 66913
97479 70808
26997 15968
82912 68156
35232 98088
13047 51664
38601 7282
13795 44447
4858 73752
85948 67796
57142 6576
66078 45620
39778 32579
17476 63731
71622 82232
68137 49554
87541 80919
84766 5234
15747 47606
22560 34812
92089 47737
48756 23039
26419 72128
65083 94891
10494 36784
69446 57897
61532 2022
2621 77574
95978 64271
31141 84604
9679 65700
65716 62637
34709 19655
5836 20898
50606 52240
19074 45963
45481 89571
99015 33462
67173 67913
22723 81005
38588 40528
28897 37724
67077 95290
25952 39608
83010 64667
87493 50789
45759 2279
6294 93322
49528 54682
19846 97500
10676 74258
36664 83654
81422 88992
36440 88520
91498 71529
75177 45094
94145 76255
42993 86280
80851 46407
24209 68313
20693 29565
31718 49734
85825 89530
97953 42551
326 14949
28618 2098
21769 13363
71032 96043
54910 46245
32508 97075
46763 22339
54615 61206
9330 78999
13185 68572
17707 63759
61101 27363
90273 89705
58519 36474
47087 1281
73533 7935
81128 13551
73258 6808
53250 3727
31777 41322
19828 53744
35920 48431
26432 95954
83875 65090
1191 68581
14409 50382
77782 75628
28056 51640
85609 88604
25827 64130
99276 60036
88568 70168
21928 15510
1481 13152
38702 90411
26770 44533
63921 6914
84160 8653
85752 87789
87880 9548
96974 56640
41510 44684
72826 23994
23310 29241
94438 38906
26715 58546
17252 44163
8685 29812
91538 96565
55642 33039
70428 53049
98467 17271
98847 18550
98263 86026
93769 56371
19513 95170
77006 69684
1376 39699
51369 30600
7952 71377
59717 7245
69517 87066
94929 79838
36444 44490
43009 42977
31460 76391
17774 26797
62184 90282
55314 86694
10786 15652
71674 76418
49933 26472
85157 38155
764 58585
72707 85288
88923 20169
71049 77632
16149 71453
70539 67755
27642 16459
51638 42358
57461 95410
19287 70550
96320 8948
33285 66019
76977 13188
67481 51690
73356 43414
56890 1511
79844 782
79722 6596
78970 44324
36176 43352
28631 94945
13218 94606
47063 80577
95549 15504
45109 35483
98691 32425
34537 41665
57272 92741
19156 47723
17021 37591
76279 78311
14874 79321
41429 14980
20531 24625
83546 72712
82564 77375
73816 53458
20921 79323
13685 42662
28852 39256
59648 42729
54701 62506
9892 51112
86700 13034
54286 83802
41278 23552
21169 88138
82188 58380
25924 53743
68951 36164
64675 15827
39052 31282
36322 924
79667 4088
85339 18238
97381 10364
61648 78188
74663 22857
918 78404
31352 64972
54762 42584
30041 25168
94592 12224
63094 45835
81968 59763
93813 82091
31755 25141
47592 12719
89659 38770
34109 80106
32819 21676
47011 376
69247 88647
22015 44803
29666 90149
21894 63977
92392 32140
61897 36109
69807 5332
41396 38330
82782 33759
27084 97031
9331 40347
55056 91348
75574 99545
19436 98148
53449 55724
74551 51540
91107 84112
47587 83469
61695 38380
85473 41788
15588 96901
10538 89790
33802 96141
46372 57166
38222 34018
80828 81284
31805 74496
35132 83325
41584 74673
4602 13853
74102 51422
71217 63721
80060 71914
74720 19597
58013 83390
76398 88947
9753 36234
87411 80811
28794 21103
36281 99471
52532 57573
62996 45017
15110 87023
90284 64294
86722 36364
96877 17803
93668 8420
8682 22330
57470 97462
8219 58614
28978 29451
11901 50795
90881 42168
70678 96163
58173 83705
49461 55398
77803 53024
42036 74724
55334 94658
83809 60891
65483 3652
57740 40356
14982 85672
17706 17279
58289 41632
17131 76977
40146 23426
62964 26988
82347 6257
70526 6194
6904 89114
72989 41326
13134 14999
10338 71945
4295 70240
51953 70770
99972 2581
80081 41253
16198 92533
9339 2939
46822 24798
41352 65779
20073 66269
50241 24529
24916 45584
80784 65347
26384 4212
78931 99082
99492 10258
96506 14261
72073 79409
46117 61136
50255 70526
76753 33983
11623 30242
88711 49123
53186 67507
72061 21621
20075 87424
95046 14310
69942 97905
66883 72661
33745 93029
78162 11181
60286 85429
76457 88546
6489 5196
55139 95804
92917 54664
30431 94921
52000 33790
11391 33079
80489 57788
55988 34749
75936 32098
75425 41177
5773 35934
40138 42036
75617 77554
41773 82077
37629 6400
33347 46490
99549 10502
57651 40765
57819 54573
54814 7221
14242 64187
32328 22503
32691 75108
73498 24458
21570 11445
37299 37508
67367 50771
68358 32267
6340 73952
40048 35434
74319 79333
16327 32379
70823 88466
54518 98273
73061 58983
17151 89486
30628 1120
97373 99566
13186 20962
40518 71762
4636 65625
10697 90302
79099 54466
72786 86844
30632 54157
49021 77407
91510 3337
48127 33156
77797 50727
31352 19444
68144 26662
72088 59200
7438 85990
27374 75951
44079 6114
84280 99328
54112 89760
81057 11791
80782 51727
61364 33511
60709 82869
74617 75944
12094 4765
31470 732
3161 3571
1104 45375
85338 61439
56857 80919
83059 65354
44851 48917
56163 44466
42897 48676
49809 72782
65606 63562
86882 30770
48333 93596
37855 79927
44361 6101
79781 3165
4305 96569
69063 61977
76739 26774
49256 31380
97780 49238
75525 84750
93253 48371
99607 3575
38769 4644
43854 99165
44827 84198
28945 23303
10150 51110
68452 58089
16674 11373
23890 58864
93885 8535
28309 51543
23983 72106
44626 82089
78110 56517
69528 82912
98786 24952
25344 61813
75816 17122
84113 63559
98991 70434
31219 83659
27747 31604
24456 86187
57743 31041
19832 52196
19653 90010
82515 48315
44151 74261
52268 94162
17193 95372
92865 36380
24824 29142
87157 22160
10533 70048
89576 48300
99777 61826
69485 37064
