2500
31093 73946
98118 76518
28445 53093
1996 91838
48696 64941
23125 80533
24730 88220
14845 16552
66749 92330
38441 51500
5190 79411
49350 59780
31445 39311
80715 19258
66883 3141
3818 68082
48655 96500
48945 77483
77608 997
2444 45296
64886 67594
48756 97425
20513 61961
50534 37637
601 98773
88937 89703
16465 66122
60881 61438
75717 94571
24378 35411
84571 68257
28860 65581
74609 52616
79078 68864
4040 58394
81179 33213
21084 22342
63082 83410
9033 48264
61225 18111
72592 68709
18026 49095
82259 97543
42553 79861
97284 922
87337 76313
12742 11795
81283 29021
67599 8305
9266 33139
48554 15257
28064 18535
89670 30718
73530 25711
6224 25907
20741 20859
89113 79292
65699 80785
95171 37707
69951 11642
90697 14764
47348 27520
77656 45457
31663 40261
61835 85323
84579 61574
12617 31425
32983 5099
38070 23609
42663 88758
25214 69694
80578 67205
12426 3435
10373 87774
2948 94141
34663 29784
49937 60747
4004 1980
43986 19014
75733 82974
83653 90517
28110 68655
73607 97251
26105 63444
59098 41483
37689 20898
660 51042
13798 6572
20389 44044
54821 52081
7519 11531
82409 75320
73162 23124
41708 15688
54194 60151
57374 34376
16921 67444
21624 44411
30132 72762
76373 760
12621 49382
69413 11508
5658 29589
79615 42777
40024 15513
64049 24764
19118 68886
34364 18086
3787 96885
7114 38744
85474 30332
37301 38588
67253 20247
63172 94624
27441 55342
98174 24976
28549 36683
70647 48490
11227 85813
58689 66969
4898 22491
5136 28826
15477 30229
41694 36633
57895 48642
51001 71792
74281 46674
57463 11650
75069 59802
51649 18935
12909 25923
16230 52996
21163 51618
64071 26158
38379 44665
9126 47208
86347 85903
39018 25016
56094 98799
23290 67277
87968 37292
84622 97858
58439 19846
51141 28166
27473 22130
48312 76840
71594 23696
38678 13064
64759 20571
69549 53523
52761 40225
93174 24683
48513 66254
14229 90515
1593 24766
36705 72288
32956 44435
490 59572
86819 57975
48745 39594
18960 9075
65241 91572
91883 99339
88367 91280
80630 2127
897 12959
51878 71367
24628 66572
77222 34178
12597 60519
88146 16466
32297 77225
4665 64566
7622 11785
46604 86569
29325 74175
10955 1240
30766 41876
11206 96754
42343 72248
85370 25896
2104 19263
94894 98439
86938 25541
32684 38273
96890 82710
6984 5153
40572 27409
60481 5028
31241 99574
58126 34462
67774 68504
40178 93206
81837 91679
91834 13328
29553 23876
50513 66103
73009 29110
25011 30968
72011 55887
76020 20186
10416 34614
38982 13259
42731 13534
12416 45732
26925 11640
87287 35769
27740 80744
25834 995
33352 7641
76756 88704
36735 76303
23487 99935
34421 50892
34421 56367
89733 36317
19619 26969
78576 53860
94324 76177
74424 16423
22486 8642
59209 59093
25552 97855
50241 35472
25638 91815
74436 14609
75628 72069
72529 44978
59914 666
82711 4951
21849 59670
98177 49372
51326 70707
62372 31315
7239 67559
12698 20922
34413 87027
94646 29631
87523 85325
87980 50174
90660 86067
41675 38951
30806 17957
39777 47871
17222 15532
83835 84202
92657 84272
4524 67488
82452 85401
13865 17121
35830 78121
96160 48934
91663 84478
59314 67109
76092 70026
35367 93382
69009 81608
19303 89783
13453 60572
66032 66832
59595 78391
56828 65149
51543 83697
86688 95699
69620 31121
83589 89621
16964 97978
28332 61597
91801 13687
10783 26499
65171 97068
4240 24440
8329 50296
16339 28093
99730 16618
42270 3086
24248 7130
96742 19287
37803 14366
85634 20984
60427 95428
29914 37167
26254 52483
14218 80602
27185 5000
74528 54236
50000 16853
95295 64923
7141 56786
70680 73748
77058 66653
19808 76870
99028 35848
87036 74896
53186 19396
18412 18248
12950 42058
80370 2834
93108 41584
80067 78644
61981 74728
94802 43963
15033 33132
15212 51691
65002 49599
30147 395
30463 64955
15414 21208
61349 31806
51430 79230
32311 53404
61884 62948
39067 56870
94915 42009
20868 32703
26345 89026
95507 3226
49955 17657
69401 17065
89489 21584
81493 74457
60486 68252
58994 27904
74637 19833
28448 47134
95196 11093
5677 98333
57164 359
21611 41065
81162 42879
62013 57121
63905 84395
61909 72738
82214 82157
99960 37304
20978 77759
54040 59878
30315 44789
72228 50878
43324 39244
68974 55310
85915 93802
5243 20288
84745 21482
55354 1666
11554 59810
98454 59885
83364 74620
16161 15007
91910 11069
91904 56090
44125 87664
24556 25045
23033 63302
16846 3668
97351 4906
25903 22407
23683 58549
62586 17392
60352 95589
61815 89265
92503 9613
76897 53232
7685 73814
56398 18654
46162 2075
66972 41365
24909 62661
24920 59931
25675 69377
83285 54408
80552 71587
782 63096
50767 8147
49641 8657
1476 9409
27902 33036
35466 80703
49291 23520
77950 86491
32566 46315
52009 59622
89217 44901
56489 69275
71278 27701
44725 5240
42479 72013
853 37844
49301 31426
50721 31168
12014 13870
14624 62961
18373 23015
79989 5149
68348 41684
22355 62871
91418 11553
44001 53009
88368 96443
552 22102
57169 39365
98881 82002
62663 57149
34607 54637
38196 96359
86946 16475
44881 74493
53271 72020
12135 89641
18694 43609
88147 27204
58390 73319
7820 65527
36242 99862
50759 63868
24366 8342
95492 50712
38770 89798
56270 51700
89136 78099
13469 52081
30713 18140
61457 65580
96508 27226
12366 30568
74225 33167
19809 15587
78238 51927
52398 43435
88880 24996
27840 29360
83531 93981
59285 31501
43620 95809
6897 76764
73473 16432
29954 13070
28631 20755
4046 48711
98404 59834
80464 34740
78144 48048
92260 79368
67362 59238
45505 20714
39061 44674
12272 31601
441 61611
71343 56914
44885 80177
26350 49158
27305 20954
92196 43933
59575 55134
47672 15940
58060 64107
43826 53732
1782 23233
68064 52621
6306 14107
47524 29010
46325 26252
31586 23977
88439 29893
92663 71288
26818 59814
91771 26443
58128 71279
56661 74011
31058 14405
46283 74760
60374 26346
27457 70356
89043 90959
64335 8995
5697 44710
35489 81919
2461 73218
9437 98800
71688 4653
59711 74097
54004 50101
12841 30459
36593 4646
45286 46744
65067 20491
71537 24080
37507 10561
59404 14533
41158 80114
28732 43254
24444 8683
16043 60480
55817 85618
44423 27545
50732 11632
20523 78212
75843 14471
79056 99381
65 39381
20336 53810
23343 90984
94167 71223
1048 50785
20 76432
3397 28518
20526 6345
21153 32410
24722 8449
58 45876
56488 67104
63770 60864
19635 90420
57984 51893
37094 18287
14382 42501
70611 4017
22123 56411
57917 39934
94890 28
45054 66871
3730 58098
46750 43969
88726 19450
61563 87326
77381 80002
50902 82051
93626 92701
81835 64209
90717 72238
48244 78245
43814 91464
58965 76976
86324 77883
96067 19410
18805 85868
52573 74990
93445 62951
3426 88677
22183 78100
13044 41156
46178 44192
49820 32934
70427 55474
44746 74820
24313 9538
75927 13913
79226 80056
81162 11527
93188 15148
40525 4339
72715 22688
43705 73182
39715 60304
71865 55482
69676 18106
10352 21093
63162 86819
41419 80565
19986 64805
90243 66567
81321 23141
53288 69652
74454 18413
86053 78937
55383 95017
73506 75959
71683 30551
27221 19296
20121 54352
20055 90974
16706 66509
73978 19726
29934 35812
96608 56345
7877 94546
24685 22419
95817 36747
80865 44165
40865 77195
7093 90860
93545 30199
71785 74132
81588 10713
97934 6100
69127 63004
59119 25970
53548 52633
94640 65176
54012 61430
3329 48588
29229 49367
57992 5847
29602 65343
4343 63638
50140 25892
55172 92069
48287 38514
93528 10432
25521 27784
58935 8015
26507 57500
4852 81661
75874 12215
536 24957
74308 64424
68417 54873
94206 68984
31533 24940
15364 80026
22377 33406
95246 15273
22782 87945
81649 12500
57700 72250
10868 48521
17649 75113
37729 64936
94341 79289
68586 60673
60921 69603
1065 39588
37060 50402
59210 14024
44856 68784
76779 60712
74502 18131
59620 53978
49513 56738
18014 89411
66057 67914
27107 87267
5726 24376
56289 83672
7657 3331
22844 85518
76018 46054
20236 64704
79817 22381
53765 83534
31237 66111
75577 86743
59113 500
44547 29246
98873 96590
74461 71610
17709 62826
64306 8031
72757 78229
97997 61625
44631 68200
36301 7907
3251 10822
12327 64876
97227 20414
53123 14131
32060 16203
35554 15382
31533 68427
4752 21789
96439 57329
30588 47342
66264 56610
2319 33203
3819 328
97220 87465
6703 38467
46544 63327
69812 72906
35687 2254
91993 72908
46562 10790
20031 42079
93537 98193
32147 80788
42189 64802
79333 7019
87775 61909
69553 51284
20692 8916
10845 78629
15073 44693
33852 52590
47733 51436
21551 96486
24253 41151
58742 19505
51392 59271
21209 15926
27312 85324
94622 61658
8029 97115
7032 83286
67910 89230
81928 60440
79269 77048
47829 5703
49569 78609
46604 165
40448 5030
58197 13375
49747 38545
41365 9516
22660 70195
85871 6819
10489 67665
84208 73064
62862 60486
83499 79404
1557 53787
39140 9443
19499 3857
99853 6334
97720 26179
43117 2693
64730 28158
4907 95238
98330 9982
7932 16380
8565 4752
58209 684
44336 6912
16105 16266
45093 91040
40646 15147
55590 52977
85799 76644
36451 15271
95942 62373
19586 58782
1345 47857
66340 53378
70142 35580
11702 20857
93193 18137
1569 32051
94849 42545
16553 3508
3924 11540
97543 54834
33129 42405
50269 29834
95406 25609
71528 88799
95753 84860
54286 87856
36277 27318
46207 68149
39872 91495
42662 53096
58647 93912
35214 68115
82200 51026
37009 52487
88212 6480
2257 77580
94458 35573
15779 46160
32965 78369
75886 52104
83 83414
37954 83430
62264 28030
43088 60366
58107 35183
75116 97221
20197 86422
76641 46514
2630 55120
426 37197
95061 62824
73511 18496
4455 16697
38210 6033
10178 79675
94553 38199
35219 82882
73654 55547
10408 27064
99424 33039
43763 65234
58545 19814
93378 80492
64820 70637
99475 3229
26021 10925
74799 71782
59025 38305
18018 65391
45002 79717
83210 2278
21260 47297
61098 37263
3246 48581
51047 39954
60409 38106
93846 27674
6917 56361
6167 47590
44466 97606
90870 94463
24095 16401
70754 47892
99374 11371
5232 63516
79838 77952
43039 43219
73962 65288
53311 90890
31203 98440
71303 72551
56252 79393
22969 96779
12058 79497
29368 6377
45677 3833
82411 82209
39580 93203
68094 51384
95610 31973
52798 24626
16989 26642
48380 61138
41075 88872
8925 36882
50385 2663
57716 26401
17645 34710
89202 65654
21476 92634
74576 49272
59263 82214
28646 99963
22538 23047
72754 89061
35082 64730
76790 58183
65112 91933
51191 4599
48406 7319
26142 22855
19762 53405
33956 7635
74440 47090
56241 96581
30637 98985
9724 85034
57782 20964
93391 59431
75614 62967
70430 43698
25457 89153
96747 18533
10506 5676
64749 81425
96793 90877
7774 53912
44098 83317
3610 89371
87524 35168
41914 81125
39693 95974
42196 47359
12279 14096
58878 70890
28437 16389
15661 81958
86951 88349
21084 88649
49816 41287
24316 19056
20443 35822
38560 42883
5573 74311
48052 77637
63892 72700
3006 60011
24664 45040
19533 19493
54729 53536
33730 35820
88981 92095
984 90814
52757 31859
93839 48638
62191 89995
90375 65916
15977 16140
86300 57840
97375 79218
29383 30809
4937 87226
6417 52768
73074 66830
97707 24856
36180 52884
9760 61800
21878 1074
56164 92498
27679 2639
52743 79021
70897 87482
44444 83804
92177 91860
76822 16878
9238 6342
48458 82561
37929 27866
36654 47136
34042 11785
26975 33690
30605 52808
17604 49668
3677 41268
27515 87963
54970 18179
48623 48769
44381 40908
27472 81291
90437 24021
92780 80154
14928 16890
7985 18334
80704 52266
89638 98237
32819 56110
5314 35719
34448 58089
31180 2950
5065 20206
87279 78854
41370 95768
76125 38107
86791 6335
70810 38137
25912 46281
46270 89203
11688 85313
30707 55319
89560 82679
2851 87513
99784 73147
49433 28819
11884 56294
70973 9548
50039 65531
23105 18001
90346 11897
65776 46092
67947 66539
69765 70727
99377 43168
75288 3506
61640 72520
82654 75957
40344 81185
71803 91435
63896 30122
33360 73713
35773 68104
56151 45705
2024 73415
57587 38427
93547 5799
87365 32943
42763 59207
49724 88517
29788 84972
14004 84338
85130 61989
51487 64954
92756 94060
2831 9968
60589 60300
44612 64675
74323 79267
55508 52223
26956 44864
47895 10872
30441 77133
14654 47148
10126 5530
74861 91499
57537 69273
86872 75871
56032 8776
29904 99808
87845 15274
52231 4807
4131 60514
7938 66253
73451 4208
87234 32953
83307 59921
15472 79825
26178 27812
1424 87330
61230 89188
49427 58679
68429 19115
76562 33544
49009 51397
54134 44860
28716 19138
1703 97382
74428 64102
26646 66005
84854 31263
17516 25553
89074 39747
55822 28086
17638 97962
18840 48884
67353 35721
61606 77575
88338 87819
15728 49707
88715 36624
47509 98852
94433 12093
20142 76620
68287 39217
91503 93253
89775 99569
7963 94506
15706 46604
78361 19829
77693 46035
4146 5373
57099 42294
19961 64725
98588 20437
52594 26518
50964 7146
19112 46008
37135 53630
61745 66480
65126 62542
7216 53854
68479 57584
61864 96409
59003 71724
26361 72192
47667 23047
70695 74695
33090 7850
32451 27216
22025 21842
40378 46116
65845 2144
67500 60621
12342 96358
50452 3250
57144 18386
86488 30977
65431 53252
19272 67522
36953 61067
26961 5371
28002 90974
29300 20012
78100 13657
78029 15224
29792 81468
536 88055
72786 20740
39510 15167
92476 95215
713 72612
93939 73176
61659 1913
168 5805
50912 83584
64528 28973
21261 21246
77125 35270
70914 35451
663 4240
20816 15572
18815 4679
9843 44004
77585 98347
94143 41926
13582 35812
24579 56468
91583 75339
63917 20882
73892 9215
923 41904
55432 9703
24496 60503
68517 21542
60639 66559
70112 18713
16858 36305
9983 791
61290 79711
61374 45900
21523 98125
5242 31921
75134 39539
56144 30572
20089 17869
21748 17275
28428 15699
807 96871
66283 88289
55992 46356
93069 15538
91090 22492
63453 32278
17039 77725
48822 94240
91558 1989
66936 84590
53711 42108
76238 25723
71668 2504
17015 63469
60816 60323
97926 30717
74883 20764
60949 58371
97170 32186
58947 81232
67500 89400
41064 21761
36168 93301
25894 26461
84690 47874
9947 67917
48239 55497
88612 14220
2614 88751
83498 49748
83801 43620
68522 14115
17588 13560
57938 5817
85157 16506
73167 83891
5917 84173
97806 44058
6289 13184
87864 58818
71308 35392
48593 56161
60605 96686
62245 85428
60730 22355
39827 37127
48433 77344
31972 65599
44110 12425
22295 18189
38432 85017
14089 24692
8447 95343
26513 8143
90057 25453
28205 68357
12721 77758
38660 78040
7851 99795
25128 46596
86404 48625
64883 17268
12560 88250
49570 844
31410 50513
95227 35253
98931 99024
24195 30031
5044 68516
84380 82314
25558 61827
18549 75017
19753 53254
38031 15645
48223 1656
58319 87248
94444 27355
30825 41987
64950 62954
37853 17164
31689 85849
84745 27208
88336 66940
22063 30577
75281 90047
5187 74856
98714 75521
62567 37192
23432 71809
6116 40682
60307 4148
7337 94374
34331 10444
55349 68180
1798 72863
53138 31459
62812 18102
36379 1422
72571 9945
75674 25096
9564 71100
54099 55730
86389 25744
73659 44557
47642 54470
8361 4217
55380 55669
79881 77381
14914 44900
21527 68762
98933 30746
24890 40419
25675 43256
33979 87693
84493 71779
87050 79036
59814 82093
75044 69263
20198 18847
26492 58157
33723 75765
75832 29942
72952 1750
79875 52815
43560 51234
15226 59623
29728 28945
87909 53003
98539 96163
80587 52021
54795 22669
38211 7881
29590 87550
80672 87869
21017 56096
32354 47765
67019 18950
69877 60954
9518 54805
27852 38844
29757 27254
30104 92600
78714 9228
63358 45172
58306 30992
9390 88893
1110 7411
48468 95267
53670 31323
34886 56774
54205 38101
88336 76504
55389 94158
1874 10054
30513 33033
17653 9515
3178 27238
90184 64467
896 14278
38608 86901
78752 89564
74750 42093
25309 87582
93045 95869
17088 22225
77958 79766
55516 75872
50351 82734
9668 69430
58042 63553
15470 18446
59462 58761
96182 66500
40001 91931
76776 70830
95915 91442
55714 7587
73316 4015
69016 27893
33019 73048
63617 70035
44217 95952
77721 58528
79971 9205
76075 64634
79347 88606
86376 84048
59164 24194
40785 1358
52342 2661
13074 54440
39929 36867
9230 8768
45207 43501
77317 76691
6601 21269
43712 21910
22323 97533
7938 27639
15098 29478
70583 58291
46475 94051
69237 40155
84040 20645
30072 34473
3544 92312
39154 85906
74023 9867
12630 36829
5282 12194
20675 90589
31739 23278
51900 49174
8109 38604
5656 8209
14463 21610
65233 57266
19886 94769
38847 49844
64779 33481
94070 95597
66386 97583
49155 9315
75459 21818
98582 75404
54480 79398
25049 53251
70043 92052
3631 34507
10 84950
11467 46302
25949 39100
76414 79376
84945 29555
96751 63559
83825 21683
40068 47703
70554 35277
39824 1742
19376 47118
92090 5829
21240 45469
60210 38301
2053 47507
1573 9522
87066 54882
76498 3308
28749 29111
5080 98871
52137 82512
32426 22844
51 80694
7396 68502
80680 57385
94049 64588
1608 33782
20450 52829
83006 83702
36274 66392
63820 77982
41367 92728
79500 1066
62553 56851
99343 47945
78933 4809
62352 57956
17648 83224
59760 15026
86651 57361
41964 72183
60102 46553
10328 36309
50147 68085
17801 60754
58420 6398
94823 36473
6831 77891
31885 83383
62949 58332
51311 23798
46552 22328
47253 58833
84076 6225
44014 70635
53381 17602
43377 81343
76577 48258
96527 20808
719 1699
35884 85567
89826 70754
47218 21654
4621 22782
8874 82796
94064 97120
98973 16766
73483 46803
94721 18660
34035 70535
2295 77067
66221 64196
48430 83061
93038 58496
93313 92402
85569 11549
41481 36812
72800 54941
6401 93638
88341 88315
43522 6240
7578 21379
94852 26125
90268 40894
69378 36974
34494 52301
22485 49363
79479 6849
43537 91202
36364 72136
34042 94878
29724 60531
74604 18855
58117 71106
72914 74529
22109 78074
38176 32518
73427 65539
90970 94878
42442 44487
38188 68304
44263 24575
87186 99731
20182 58476
53943 20459
72806 39663
19277 32623
14557 51695
82933 96225
92560 25820
55674 83721
33576 28238
57952 49225
83457 34399
73972 61562
92477 47520
51136 14648
24377 25895
66362 8989
79565 19065
77238 87527
15735 98352
82576 64813
99454 51271
73792 56611
14660 91985
26524 57970
6394 97888
66780 30673
25776 93887
24073 9324
23675 75712
26987 71481
81695 48006
96302 7761
69024 84935
84444 78293
29105 35095
5102 21870
70442 49585
96189 52368
8647 24875
86123 6235
62145 9709
56037 6846
79814 18441
47843 62263
96024 39167
94121 77262
95694 92725
94928 17456
90514 33378
38687 31046
76610 30856
29073 94188
65762 9864
2945 70536
66590 72319
91154 49275
81714 91084
15749 73359
82090 45047
34808 79034
3995 93878
36443 16466
78473 47944
63417 998
71403 32705
81437 85694
66550 36780
20027 43122
28400 54935
42896 81384
8761 29028
92868 94022
16126 65573
98382 92442
12670 83910
87889 93722
86304 66121
94381 26135
17955 32776
24153 73328
13783 27665
36336 49003
42396 31926
27927 84241
35570 41814
33171 15457
12180 85057
36950 92713
36821 44789
25200 34932
52344 35762
77662 53980
37616 89740
70952 55933
54293 61839
45017 21671
8226 50268
80601 25853
69065 12658
97082 92850
55152 74180
61556 19152
97379 18413
74720 36789
75399 70659
85208 13284
60489 65822
70453 6433
72215 6316
92912 31727
39480 78684
99990 85569
61997 5994
33998 66503
64885 63666
74907 81780
79079 2753
68926 38799
23362 81799
35652 35560
2805 58084
76669 55601
23652 84384
80258 79344
89613 78234
76979 72680
30167 8358
16098 46679
91728 85390
15406 79875
29281 60628
69506 1430
83678 63543
61764 83264
40770 33502
11233 29638
97976 87977
41205 70671
24820 84056
94484 12552
92123 64640
51142 11858
63670 79114
56677 78336
30527 51064
16952 62857
16147 54517
6083 12096
66972 4011
4752 15063
53247 62423
141 89132
55933 702
40470 54029
83408 83632
23533 84672
4378 10284
81040 70354
67200 63258
90968 4880
99560 50064
45725 95618
2930 87546
32179 78547
12919 47100
43445 19996
37015 57238
64755 46610
85335 39902
25404 85027
15940 28609
24202 87557
44811 97260
51422 34931
50275 87137
41 20757
94073 1649
83066 52936
5421 90755
21748 36875
32624 43177
7017 5292
68644 69716
48993 14825
45477 96713
48063 64926
67436 98344
46914 98037
99077 9628
52690 89171
30355 60268
69048 19372
33869 10454
11444 81549
88238 13234
28044 83611
32486 59846
41093 76278
11032 22160
7476 39212
72749 4374
66034 45999
63504 69849
56782 96907
45441 60936
22511 48153
41665 73610
15798 81721
28246 55037
58901 93513
21018 32997
35351 37103
59309 59668
20652 41550
7581 9002
96025 35143
46545 33221
89415 1651
33130 88231
78492 85198
82108 34627
92515 46637
77226 16969
5671 74779
5376 1831
11082 25586
30318 99483
59533 21164
72365 15762
93011 96672
34587 42532
73481 59955
44623 36083
20388 87556
52182 93769
15025 47701
6511 87336
90067 30764
14096 65555
2849 9660
56151 94472
40834 14614
97206 57708
47415 20980
92405 15297
890 36388
61822 92771
64854 69739
37920 94052
35361 43807
57601 55632
90197 13761
96555 65084
45118 3277
71802 85669
7884 9539
42465 68523
5397 38947
50569 4053
24994 61290
77628 882
35547 45341
71322 71478
35801 10894
74821 12662
59689 88086
82311 62242
65035 65341
43808 82352
52136 72251
53985 9537
31587 37338
19968 41595
61161 75862
6111 23698
44470 56828
76602 99836
70003 17322
84387 10307
28437 96449
4882 18444
84974 49841
60820 18268
77976 42341
88650 14060
37109 53349
23242 29285
55250 33186
25258 28847
46005 25000
1067 59684
80117 85028
8137 91358
22332 53022
46768 83101
8464 17152
92000 5880
78946 95492
55534 98274
58897 95192
7371 50420
79637 75577
59175 60047
27195 11632
77535 33888
79219 47829
74609 63633
22972 31003
18111 61584
99041 86305
22074 22319
73634 37323
67048 84744
37920 94638
53764 6995
66969 34716
1225 64693
40089 40574
49642 22223
45647 68637
44704 65057
28992 73108
43962 78093
24359 54780
63251 96529
68520 88999
43368 79620
73542 25468
69945 77833
31825 77292
85447 96259
2348 29240
37441 43832
41852 85401
65208 92874
77945 48319
23930 27111
97494 18382
26221 534
38235 30806
71867 62933
14573 4197
72977 80568
90746 69668
31201 19094
91827 32122
11560 88555
41683 98993
92173 32011
58645 98857
66806 76254
66068 19476
86654 38282
73523 77478
55871 78981
12370 9720
31535 26983
20026 58077
20496 23496
33208 27723
42895 2133
90508 95716
33244 57230
47459 57753
45424 37055
56917 41302
96591 43489
68502 11861
38051 22747
2737 24029
48008 89284
78352 52389
53740 60936
30419 238
69003 72497
88076 62074
69121 29124
64646 82853
71628 13337
1168 51768
77902 49749
43330 18005
2012 91393
88425 62239
40949 28470
25461 81006
57270 44038
90418 86207
65465 87628
47764 22551
59474 94561
86782 9478
45880 10101
30556 7802
68359 49116
10305 45941
19846 26047
67305 55998
43068 70423
38225 20191
54199 20444
32076 6269
82464 83131
63122 33668
77740 12872
4394 6524
83397 90857
31476 35458
20421 62645
42017 46624
56830 88124
39194 7282
1794 82166
28660 34455
32786 31780
90346 63702
35498 99325
85978 44130
66896 95945
57817 63194
81136 95755
66884 49185
33597 72146
32783 23511
80050 61961
40775 90497
54114 91996
13644 35619
57310 52574
40318 18576
60889 43644
64463 74497
58664 95450
64128 92938
44411 25189
67979 12235
18223 6813
20045 17477
63257 28342
8895 49091
20373 91340
49627 40057
23607 73853
49426 91585
27662 60864
96096 46996
50671 26557
979 23161
95364 88254
65167 38673
81132 2378
53349 32635
82969 24107
81011 81176
3147 42211
95981 88349
3009 43025
58077 90750
58361 68349
54591 71862
18452 53525
93573 22707
99078 57939
70861 14008
11299 1064
35117 4558
62898 64947
72912 8263
97101 17187
93387 74317
87054 97212
19934 11641
52745 19453
50578 59205
35133 8362
55600 81694
58204 46599
62034 57490
49991 95749
71791 39723
26840 21304
60658 66691
78411 5012
66694 94903
13417 68944
51487 35136
35414 29474
79445 11805
44148 84893
27344 616
89127 58314
97296 54668
8898 35229
45494 19872
50706 71289
60659 95776
92111 96070
79982 85684
48086 99769
36397 32422
96048 85352
4644 74536
47153 73924
90397 17200
27632 17482
67748 67146
59450 54149
66697 69755
78465 16101
90796 36592
41628 1141
72369 4587
26537 53108
61227 4324
48601 73528
74854 79191
27675 43109
91602 23057
49720 54541
41599 39513
44973 11637
86292 57346
55258 99937
90619 15620
85225 72772
90796 97586
29157 68252
74991 99469
72835 97181
98491 61250
83153 41400
94318 18784
93704 25155
54984 6371
57334 68763
11838 6328
84285 80871
31157 6582
92619 71126
57124 52201
24290 73891
32614 14481
91786 22157
11222 18330
15463 31821
75416 70640
47410 84611
3577 88929
93384 94095
85838 99287
87430 16030
98266 28464
24441 10994
75333 68491
52066 74431
10803 19543
85912 34312
975 82617
69399 48340
76189 57146
13521 56480
46360 17920
41180 7469
83894 82736
27886 53501
48262 8276
85307 20467
6113 52079
18949 13702
50325 37436
6864 14369
71883 43913
75784 89094
86620 96573
85766 56740
81578 33192
98106 89064
85139 21484
75769 25960
13785 72189
15337 47113
34107 32505
6980 97707
49724 45538
69288 30561
72439 61996
71971 16427
29156 91166
87301 30396
49797 69214
54254 39396
56082 8049
84117 63862
51357 10433
27052 37993
92608 3892
82795 45922
97756 53394
10236 15858
14933 71044
37688 37383
11641 99451
23712 56876
56750 17383
75766 57259
88835 4252
16728 47231
32191 20365
46516 54866
24301 68327
84238 25285
13000 17100
85191 73155
20985 2687
3891 609
32755 91043
49367 98983
53005 61301
40147 49226
4718 66779
84554 88279
63786 72323
65666 35977
69296 78388
11044 74476
54424 92954
44349 36881
32126 33997
1217 17138
57901 59032
5255 34473
14414 59382
34222 24343
724 99786
12144 37318
13454 66868
73229 87174
25157 40584
99468 31245
63136 62270
9386 97604
82406 22112
2391 4319
91768 72255
56169 82063
9955 23086
55791 177
97695 47248
57974 72146
74713 85434
75164 45059
1945 70899
97608 51236
97711 5816
60974 62729
91556 86123
48788 61164
75785 75415
87239 38437
37231 29844
21741 26629
81035 21130
44990 18187
54626 53856
92759 56722
49783 25614
11734 32796
79846 97556
91793 12681
69350 81050
9183 17555
46612 69852
46134 88948
33176 62101
93216 57816
85087 92122
42772 40594
62642 87200
92434 28381
10486 51917
77183 4367
87394 74113
74636 10334
33381 17925
2134 2881
35075 85708
74176 62769
2987 70750
76472 91904
6061 4870
57379 98867
89742 11179
40953 9198
99134 73736
38078 65850
24145 17866
15822 10063
9987 81721
80795 56591
35080 39724
23167 29495
46029 89258
45241 86967
72746 24856
85989 93795
88160 29726
32509 57557
58831 7455
45479 15489
83055 40745
90720 80853
79726 96850
68178 44585
67894 37841
25865 95894
27334 38800
85491 16483
13606 58385
42203 11062
96414 48087
19447 32253
22382 71840
5803 12778
67443 43615
655 30537
30545 73480
84686 52907
39604 52490
77088 62001
48824 53103
69526 80920
29788 87896
45604 57018
18652 57675
19954 18198
20387 47120
12066 85219
75349 47431
13267 81353
21175 20701
461 41536
86821 78632
94712 49014
8721 51408
86585 57557
79932 33005
41482 32270
20552 32672
27688 29283
75738 53822
56188 52799
10663 90060
95866 72784
29503 41657
99817 54687
18009 46539
63 67797
11735 9044
59030 76035
60243 32514
99215 25959
72462 92562
18155 84692
41252 65007
67355 25159
2508 73342
72341 38761
52912 86854
70454 84407
42789 62526
75081 67052
59023 26415
54284 14637
95424 66933
60660 77202
72533 11060
22803 70042
58968 61974
20095 89935
75898 43552
7337 41808
44110 63809
37732 66781
88862 29486
88273 81533
25915 10818
14899 45521
57929 26023
33021 15151
54020 35635
16897 22767
27461 67467
56676 9834
73118 33307
80082 26257
53586 11561
95132 86144
2703 8602
6906 835
39024 41928
4296 25600
87195 16030
58536 91537
99435 56667
63619 9878
55449 89858
27016 44800
20035 70907
67336 42000
22067 98194
31934 64557
25027 61977
32610 42191
22043 45172
40180 53789
61740 89861
40181 81435
94960 88328
51588 44123
96437 32738
50201 14360
25307 34459
28161 66121
29367 87660
3590 99693
1419 26548
70024 41164
62906 99792
27560 51340
77148 36820
57399 82153
98557 159
12871 46040
7562 36522
84600 74735
96047 51452
19944 24589
82811 21727
9457 73371
959 24227
1127 62778
2757 36289
29492 87254
36063 51667
97199 55485
19037 47996
74883 49974
55933 40141
77654 52770
20941 2051
77381 63755
84433 44857
46316 10344
56832 97193
34305 84231
90327 55218
26556 68461
63762 4095
37164 64914
7510 72822
73635 53065
24551 73107
75591 11874
73270 6590
35674 904
83781 58986
59023 8621
40503 54102
99258 46418
32001 23942
20902 58778
17944 86002
10889 72302
10898 67157
83174 59847
6271 1188
61272 17979
1254 68848
62474 65225
27277 74531
55891 60601
30238 30052
93627 13603
88408 75972
72326 31742
74898 35457
30941 4977
85519 117
22483 9617
44683 65958
63288 80713
23051 8825
96183 31409
97403 40042
45043 21465
22655 55783
61502 3251
80251 68659
1726 11217
98876 31694
36782 46391
90319 66960
16534 28322
3596 41457
29434 7273
17539 78066
41935 15116
79735 610
57426 76517
67010 29000
9133 46555
19117 17269
30806 7216
57423 56953
27420 65279
89375 7999
72641 96485
57616 15288
75326 75609
80485 81216
1422 95878
54215 92941
85935 92227
22714 10183
80316 46048
39966 58394
19873 20580
44732 9099
62533 88960
74492 69881
1202 5601
73100 20461
26669 96981
97118 77266
63818 22861
22526 19598
1011 72352
64790 77758
18934 2050
90036 43168
21650 12812
47259 77648
7859 66480
45600 52410
55613 9572
36369 55273
48498 44326
6792 49091
47333 42356
16637 16611
18887 57381
95674 72298
14401 62897
256 84243
46540 21332
2391 17649
26888 13061
51259 62845
88528 97938
21852 36983
53411 6675
10760 79940
93905 23908
87387 96205
46709 15176
88036 9344
37518 3950
98414 91741
71634 36355
676 46536
2169 96105
27922 51923
49280 92761
31086 20142
64739 36392
99982 78612
2404 1734
16366 91781
11132 46724
47487 16549
39339 82562
3896 17715
64734 45175
96003 73098
6253 17953
85927 20052
63579 30877
70859 49507
70953 66746
73053 42714
62552 47202
91500 86253
75323 32743
78657 47920
68648 36337
99661 69701
8041 30542
64239 42652
39724 85961
66048 95051
4414 53445
39008 11373
90128 34456
33991 31421
75952 40768
16192 71201
50217 44944
87925 88923
8735 62316
3232 58840
21025 80391
79582 44728
46673 86296
43348 4720
50186 12136
5400 45343
93450 73639
31940 49146
30712 72426
4953 65729
25224 46438
2853 7679
90357 17858
42093 72381
5087 11156
16748 98550
95996 5151
37979 7114
29852 78291
86655 3595
44862 93215
48384 81077
19892 9321
44239 46002
52430 76250
16359 44353
83567 39053
84384 33141
75364 21426
85801 75561
49203 66924
25431 30756
27203 31685
31426 17952
59625 84307
87708 6055
54286 79296
46357 73788
66935 6560
23960 1488
39929 59022
29744 57142
48525 8321
31888 78498
95990 91095
33779 96780
89230 18493
41171 1052
82661 63682
61958 75404
39092 17350
95218 12492
69722 42111
