2000
2771 82995
45806 38929
91485 44141
36945 97480
46109 18324
24115 76251
66060 10641
28464 93727
25750 16193
27604 15470
90579 80661
26686 37392
36409 89953
37292 2492
37526 82421
35324 36406
86662 40380
8548 80593
69808 303
52648 32268
61283 95989
11591 56681
99501 27990
21848 10520
89655 11496
31359 22575
90372 58650
51655 88011
31538 78972
26750 91256
79788 51173
84391 26367
86500 13355
76275 6551
85926 7580
23514 71233
43993 84248
4840 11387
22201 46118
58195 45027
17277 79317
94671 14544
62356 56923
38572 27324
46330 1088
32331 78723
86918 82764
62084 41454
12379 18593
33329 63810
94513 76020
28624 28495
79847 18039
15972 98347
80018 44899
10276 30553
70264 22596
66956 19531
65601 16817
59964 24091
77092 80363
52575 17459
20398 14950
52639 41023
50441 51713
81503 42867
19928 65138
12431 90401
16295 62491
17772 89296
77282 24655
29734 46722
46110 27889
75874 40372
24721 51789
13271 2270
59592 93344
3825 80811
36517 15748
53948 90328
25932 83428
74610 5812
61703 80106
99640 73750
26952 97451
61569 27620
78862 79795
53076 59051
59371 41386
69112 70378
94149 51622
8579 40067
82798 39719
26565 64741
78477 71336
37653 97173
65073 27953
29993 2322
80102 96464
18295 78172
37246 86773
34544 86632
54808 13461
78377 65172
46710 42216
58129 22031
27483 40141
89559 88130
88938 22741
56212 15051
36077 39960
4952 80201
5778 33687
66994 23547
11762 63350
81073 82633
61400 82376
6504 78244
17577 43200
62677 97688
45768 62999
13850 18561
1923 36448
37609 56878
9899 89417
8361 29995
22974 21857
88101 18821
7187 46148
22375 43884
65411 35233
74772 36093
735 13062
16102 62027
1829 47646
90092 33678
97867 7675
64309 98419
47770 69666
9195 22975
89938 80460
28483 88292
21522 95198
47623 34783
8029 93188
92689 645
47667 82179
8008 92294
53304 8104
46508 4660
36809 4216
60624 60833
24538 16595
44255 82635
33018 97211
56402 4945
44740 40013
56076 52514
45190 68046
15217 55385
83819 42463
53610 61611
68909 28616
67116 38697
84859 5602
40541 39777
61304 67826
49667 50241
27877 28874
46701 55072
53015 76569
80684 57923
6789 35128
53268 97881
68557 96322
32373 8328
52875 81174
6211 30483
79232 70630
30252 69556
11136 95596
5248 78197
31174 40620
88230 85806
64731 92017
26431 5570
75205 40591
69817 37555
7072 35024
47874 16435
74887 17797
34690 98204
81171 68072
197 40216
84478 21759
89694 53132
41477 47955
55935 18543
69467 82716
13850 313
44713 68807
5463 85978
88948 26304
68055 83024
43116 100
40911 46606
71281 52093
31894 14635
36012 7726
84094 84251
92343 37321
32356 43049
33777 75021
49659 8264
9112 13965
42217 68129
2040 91455
30457 29078
10418 7243
29491 69238
83346 30717
28554 78177
21406 16705
33563 22040
38539 97063
32383 35634
38568 67247
28495 83790
10757 79031
58166 5033
78185 56729
9497 4550
91206 13021
32084 80398
92580 79290
4622 78134
57776 25748
88559 82631
45803 9030
70552 81054
65066 94168
99597 4022
43199 87427
78632 60335
87570 34290
30282 88544
77759 69674
35361 21783
56478 6101
36344 92920
90243 50033
10112 39145
85022 889
81130 18888
39775 4420
62124 51580
47238 59352
51366 80589
46935 59584
68661 41936
60729 54126
93762 72699
2327 22575
56716 91570
25221 58772
77837 34676
30194 81639
31762 88794
85654 16742
14241 64443
58851 20249
78782 27488
21023 18483
22411 20814
77547 69650
83176 70038
8370 92593
46588 68181
52807 62141
82137 64458
75053 17813
64992 59231
36407 37249
10683 99430
31863 66656
23414 21881
21827 95992
50803 52946
74528 98589
51504 15162
96379 94664
26996 40336
51835 30957
87723 45425
92124 18855
17009 95701
24827 29185
47239 89062
60333 80876
62675 27112
83467 74339
15948 50794
81390 39320
72482 70401
44649 85718
43364 97658
74923 48189
4886 28975
28593 98932
37315 47973
93367 4826
9363 27811
99441 25776
34148 61828
66265 80832
80799 28625
60239 51236
29599 75079
12311 88217
52066 50192
12540 55072
7522 42352
51479 54239
9493 12888
26480 80696
96357 6223
30532 52663
66421 79741
18477 12418
16507 89524
21787 66660
71163 97640
565 63667
55718 15637
67231 39105
57408 51814
47919 23399
24128 97667
17887 99721
67478 34281
29271 55658
95799 1566
61832 45355
91844 92717
58667 98159
39363 80534
43292 89592
71908 70020
56429 59738
76839 98453
50006 90989
7309 66811
52199 73657
86719 8648
86339 15399
93851 59249
23583 24006
85112 30919
55596 87180
93680 82707
40186 25816
77013 74566
46584 36511
5393 48254
74729 6010
68718 88072
56648 55614
58570 93318
50444 1938
71932 77097
86267 35365
4513 80542
17098 67005
10307 21642
8740 65615
13018 49527
86777 48776
59948 40489
52563 47438
13588 95045
14918 83941
16833 96466
33832 83643
38750 92240
82156 36663
86176 9595
41318 85038
36995 14465
18127 92075
31406 46848
7816 54275
23344 92594
9700 5077
3746 87045
97975 86530
26668 46030
52975 96090
97325 17287
4988 56846
74622 75073
40893 80042
39260 3420
76391 47660
29410 41922
26485 12624
29366 91110
82641 6855
50600 83315
65514 38747
89930 36468
1251 16594
14812 91644
21702 32085
72406 35516
13968 96306
66330 73362
12708 21790
94961 20355
4773 59331
7594 43599
85710 12654
52459 16545
2504 92100
63946 44122
37679 18410
48763 10984
33423 27120
73199 78126
37352 44359
50207 62497
36288 36641
57261 39810
63423 75127
48564 98384
45330 82535
30467 79290
46605 46123
52098 79303
64953 19780
87227 84138
91995 3159
94012 82200
44110 65825
90219 77659
62583 83653
59090 46371
7959 16242
49602 31011
24726 85023
81337 51280
19797 8205
43581 61360
92099 21087
58126 46435
27154 7688
81138 41496
55867 5693
59652 33393
92593 23714
48872 77660
55744 44278
86407 7888
21883 33527
15620 21840
29101 58725
41971 6084
80132 36283
90884 72352
73451 18595
43550 63161
29835 39650
46100 82287
71389 2723
88529 84681
33962 23658
11385 39204
56478 69155
31710 51619
41837 19204
54627 1474
43581 68543
4969 28474
15955 84812
34675 76734
7773 96354
28732 20523
63802 64552
95832 6158
72271 42637
22982 31085
10340 62490
37018 74589
57671 64605
24424 2556
84026 74565
45663 1055
52332 76898
55987 86026
92064 77532
33777 76781
86882 27160
75029 73430
29040 86381
51631 8542
34586 437
47404 43490
97189 56608
83088 94047
13712 74918
55961 18102
16226 25777
45870 2998
38068 33643
54131 99362
66025 60001
29897 62609
47483 22097
17897 59093
36387 95283
7351 49539
51339 29942
32769 82487
54695 41102
39183 71587
35092 66679
76296 25450
24494 44201
84578 81932
12285 95643
21205 31195
35849 94222
92203 6339
52676 88495
89431 65850
1787 89638
15088 79426
80879 63247
33105 75110
34221 72395
44585 79988
19324 72865
4993 34360
97462 82725
3091 27292
44335 18628
7913 63255
67735 81792
70093 50407
34796 72662
80374 2388
83120 39145
41569 70817
19127 7462
83924 4464
89856 84396
38898 44925
68199 46706
6681 75315
78207 78109
90173 97538
39317 71304
87014 11119
53904 65570
4176 40014
49577 37373
91572 17345
9618 38933
45238 7458
45638 88703
52603 62240
45022 48173
95873 68239
41363 75307
80991 13076
33702 69346
63244 56030
14805 21735
23430 26917
50500 59848
45450 49713
91648 24131
24880 19312
53843 4674
24056 79666
93487 93360
90717 14128
64175 85137
90445 70348
96225 3044
16938 85629
91839 82042
45271 38532
26400 45986
71305 39939
45579 59051
32686 54144
21352 50194
63525 47218
96264 58726
83992 36407
92986 56622
38330 28112
79577 83747
48964 1800
64195 14721
61761 18512
96039 28810
87369 2359
92107 9036
48025 85130
7164 74945
78017 92902
52898 90359
91925 41114
32393 57278
78225 44014
39231 48273
30230 15661
23145 69728
32634 73959
13243 28489
54213 64547
27432 75679
87102 7171
65547 67958
35177 69472
61393 52364
10723 79549
53837 93525
4949 63338
72511 8520
67048 1547
33472 5750
54131 35810
13385 79801
4155 58842
46797 48540
72308 18951
44618 24515
52486 77397
7994 47354
56478 26263
50732 13450
29227 4768
5872 84008
56647 20083
83967 31829
48473 62793
48315 64469
10815 12127
47393 88936
27565 8091
88962 27557
45516 59844
91008 61470
61700 96312
9237 37071
82643 7279
22276 80411
11291 83656
76989 97632
98419 33338
26056 7961
9540 14909
66751 35417
26230 12582
47945 41115
51292 41083
6065 88937
81418 64144
19742 21430
68491 81741
7277 62168
13215 62836
96117 26791
32413 97156
54920 2580
56645 13239
27481 70268
48329 63699
45012 80007
65550 42291
15660 33612
24400 52190
14535 58774
56807 48854
86182 18489
3296 93418
56842 75161
85342 59732
63803 7262
42431 77632
91936 55015
99763 80797
56378 86930
16676 75538
49258 32202
99177 99163
36243 4792
96046 87167
25106 57610
23245 87744
57992 92441
20051 21970
96745 20525
59513 87089
66869 15926
50327 88586
10963 39458
44806 91024
32940 84197
33594 25938
16088 17899
70701 42432
92800 75418
48135 38693
73354 1956
77075 53412
92780 21277
38716 9560
66052 21465
32241 78
5438 23134
67239 48510
23031 43944
53388 6442
34597 60650
19390 4744
86883 21589
16814 24083
33242 93481
11179 11043
86549 65567
43885 34752
33338 49706
33496 52149
19094 38953
25705 51544
26920 40823
57666 48886
6046 19935
67142 70992
43795 42478
493 27986
65975 50270
89173 33164
42758 32542
13365 3908
36854 50497
27423 79795
70444 83690
16769 33421
89298 53028
4343 61509
44766 66363
48888 16319
94898 76997
32618 34330
88337 29773
34980 6356
52647 44634
28223 2992
71369 93593
12815 65347
30836 17910
72966 13957
23252 994
68715 40332
51850 16366
68393 74578
37320 54926
48582 68819
32888 62253
65622 76505
24310 83833
8810 20340
96953 87516
38967 31249
66564 60428
63059 63891
85314 28656
95147 83665
87254 27750
62648 10304
35184 30112
74397 55225
76735 70371
20644 16214
34488 74589
5022 83045
11591 5487
52756 51979
29378 59615
18692 62968
61005 58534
61708 29776
39530 43623
20226 75379
99822 31039
36051 60066
31299 91979
32648 70981
37975 64633
69210 54712
9432 63636
5998 20418
31925 54437
30041 23275
14318 92467
86645 86414
65322 67496
32325 15326
53654 33838
92822 60008
73333 77489
57320 46128
54907 66610
31601 13502
37893 35646
80888 5602
98126 63511
22747 61890
99586 59609
44683 91243
77389 68701
65667 91843
15972 36919
89511 24470
43611 50354
97094 12708
45864 7885
38197 6897
1408 28214
39223 7532
54386 13764
75182 48088
68396 11327
30644 13774
14616 70522
20534 49593
56566 19545
65776 43169
28193 55863
37180 61404
2241 3882
42379 58078
99469 77799
41923 36438
53687 25454
31312 57758
75628 26711
13133 96275
23561 467
37852 92072
8641 99680
1028 87062
27150 69609
19707 12508
4020 25798
50049 48391
56781 4204
63276 90745
96037 14233
37085 39871
87753 18614
96756 83556
29385 93036
14149 70288
71826 18623
36387 99498
33262 5968
19633 52381
50562 78925
20401 27621
45390 87068
88323 62701
12685 9344
84191 21337
80721 38278
47162 20410
27190 39024
69752 91621
42403 94096
31048 11534
7020 20604
42637 52902
41034 69071
91001 75885
96966 32262
10449 82241
22319 48879
95587 42699
33762 34507
98331 97847
2955 3789
45786 48041
96447 20750
38977 36498
79877 74537
33300 92106
50644 85906
77334 11082
9008 4906
72826 97763
91719 25695
73488 59294
46162 72794
29901 13059
8645 70785
11153 52395
5036 2078
47697 59848
22953 54559
83714 18993
14998 21312
48473 68323
5260 11051
34977 52980
54866 72072
48402 52949
35652 452
77555 17014
97944 59750
78096 79135
53594 63621
98261 23366
28300 82616
45404 41967
38060 14134
86921 72484
78577 71195
11883 28417
69200 86686
92710 56281
95625 19312
79886 62654
49174 74017
20387 87941
61781 90590
3279 40461
1622 1053
27765 2955
86860 39756
41547 43194
26813 4570
75270 87117
38746 96824
74442 84354
62611 9454
8653 26388
98922 23995
82265 82536
90209 18502
26678 40815
13364 70103
75528 73397
27945 61708
97085 60089
58936 15474
26967 70224
76551 83125
36125 21892
60744 21253
18719 57803
14822 78628
59685 25804
76877 71607
68019 57515
95961 36286
47289 55362
13535 24594
35811 32915
61770 72572
34214 88751
45754 68116
54475 14532
74333 2245
61480 54645
96771 11023
33197 10237
63037 27510
68684 53885
72535 26268
12501 33224
98502 82919
10412 59963
56932 2954
43083 23521
34402 26521
13428 31683
48025 57173
58325 60902
3191 24845
68846 19914
55928 97744
94732 67184
12367 39593
71211 27003
88884 42253
90006 74106
64192 87290
74683 82223
25714 31257
54609 89328
13687 9622
35456 29492
10005 94059
69390 27586
87222 61864
49095 84702
4229 78198
9217 86611
7178 99500
71661 9090
10450 66538
30548 38144
6930 19061
34254 62423
98370 70866
89475 73257
74776 88192
22097 45134
81134 8919
76042 88113
35488 82083
91258 12125
44699 42957
60456 21450
63774 28671
38851 42569
67480 82353
47346 58241
25226 53371
25813 79868
63596 30062
25312 95389
57222 5630
75296 13801
45242 83434
80737 24731
34767 44206
34267 62955
27542 83510
17227 26269
14407 55831
91076 29685
92686 43761
85005 80230
13108 82796
87559 42124
89260 79176
78211 450
58403 39012
50667 68188
67352 99663
2295 63495
41113 1211
95665 85049
40392 27916
48564 58081
12612 72215
20609 14218
20585 51244
38405 7538
94852 26585
20132 87141
96438 19252
15855 24444
13274 65450
95474 89158
8045 54881
73894 40993
20257 26960
27255 40677
28641 54964
97226 21290
49877 21563
7657 13595
79401 18308
92289 2476
33541 87158
99495 48275
88532 54213
53849 30420
10445 88220
1063 31793
55407 92446
86761 52713
86828 15087
47709 21726
95842 36851
61383 6786
33632 74878
73769 51385
25561 79101
31559 94181
63457 3864
91765 32195
85465 16548
85242 63380
94592 72651
19744 76840
24561 98678
29565 33052
92407 136
2132 2815
34199 60381
34500 75168
76574 39950
24698 40189
70753 87055
72271 43189
96296 54013
20005 59682
12953 96520
93276 74337
5189 41787
96138 57543
74771 15750
73519 16964
12409 50975
98572 82277
35124 76668
53417 34125
47316 55647
32718 64917
51578 54530
63335 12663
51210 51170
32962 19317
96856 24874
97310 63499
1577 81803
62957 11867
94120 20596
53176 33250
81787 86473
71492 61056
29876 29371
4647 59939
32365 20972
8391 16463
91766 83487
8921 96243
58683 90714
25760 84062
12610 59081
81974 92605
24350 7201
51260 10115
1779 19842
92940 79484
29574 63445
22186 9471
10287 11426
38861 13142
59430 8880
11787 25760
6980 37167
61561 52551
88231 92663
62553 40735
39733 23079
59503 16397
43082 35758
65142 7935
17841 10739
29268 28590
62243 86853
86157 71892
79551 308
43592 98309
32054 14871
53160 48237
2191 2791
35958 96331
49929 91765
51118 82363
71407 50542
15291 83235
40369 23252
70892 74713
50741 58124
78584 17047
45906 92289
77441 59291
83101 21804
24127 17990
25576 90338
33075 48656
11640 95275
93505 96231
19770 24855
19411 13443
29149 81659
86639 54849
82212 7941
50591 47365
52253 37393
891 64745
37329 50707
59886 79690
69563 92299
42611 70787
94426 10688
71990 36347
31370 51957
47490 29223
38851 65478
44077 18078
32546 63431
24709 95232
24717 14818
70173 59509
90057 93482
9092 76473
13784 45432
95389 56502
31786 89581
65356 43566
40739 28223
79287 830
94335 68345
39024 41667
36384 55775
80904 41013
74078 3481
89681 78679
7129 69628
11935 96041
87902 65878
74003 75057
51726 71427
19079 84755
77950 2159
68346 47812
94304 59794
11762 97830
38099 24873
33659 67015
26537 85637
47240 31561
49017 27384
29113 66963
81193 72648
21501 23085
83326 29630
75083 16130
4301 6836
91456 75216
82755 7101
50948 50131
53839 59212
71563 35682
15099 54687
88709 50153
29107 69125
6355 412
90401 89506
89506 5648
26845 82238
19236 43352
52970 2390
46858 34545
27674 6778
77485 36397
68685 26382
7828 46879
39595 24431
93584 12124
95494 2425
41285 28388
64016 68154
3765 39345
59090 87365
11065 89547
4226 58152
26117 26873
55462 67459
71048 72436
6197 69418
2641 44458
67352 11752
9069 32947
7284 89493
72310 51482
12592 24035
67023 19069
69635 13443
5497 53817
38897 29508
55674 47324
92031 14616
54057 67134
41884 62854
64405 38906
26394 24303
35909 50997
10917 8116
38493 14673
73344 51241
78121 92251
850 77592
59515 63858
94939 72732
88323 58458
86799 6893
18067 95227
62177 33179
10681 12596
83809 86387
12243 51368
49782 92955
49732 78734
3590 45433
40182 16903
1519 80797
13037 75056
76460 55140
80453 79631
15492 16262
31931 85436
88226 17802
70200 9969
40812 85315
68554 23610
68930 66766
97682 8520
34515 71739
6921 55078
23207 9132
23207 34193
782 69805
55931 81015
10506 5546
30462 66030
23252 29524
63059 55739
67431 96258
88835 70750
5637 14808
48863 4714
14250 50704
76585 44962
55860 86994
24508 33596
2888 39034
74559 76143
84575 61439
47183 70482
44702 98369
90650 19648
40214 23270
1582 63319
2926 93963
16319 20412
69571 29885
69553 62332
46868 56046
48209 17455
75498 72425
64560 53363
42768 6801
30280 56884
41381 16178
62793 72190
99709 78748
84852 4856
5872 90793
58545 22154
98016 65750
4569 95747
731 55132
7916 37857
2325 40919
71547 72817
9657 18766
1945 86209
1812 21899
54803 78696
66625 62347
27950 72778
26030 63303
12577 31275
88518 62470
36159 26178
56391 8550
92260 76931
28749 93157
27632 66124
90544 38883
77384 47467
46067 45709
19044 21850
19702 16065
78489 59767
5900 81421
20043 56713
47478 27049
2667 87884
70362 7572
79739 72115
12814 3877
65218 6113
87415 46040
20265 9276
79338 10113
26050 48601
59747 46092
77427 40917
18809 56308
43369 56103
59528 78100
11139 46597
47233 31334
37649 83768
56483 33341
31608 95201
68869 13827
50012 25132
43644 46527
11206 16021
45503 58582
60876 67011
77626 52362
16473 25872
36238 36407
7094 27564
98439 85142
99902 93873
46465 42782
98794 45514
57610 31327
36941 67792
83804 80592
90755 82383
62780 49007
80083 56277
43480 65278
7360 71551
41977 75296
28950 59812
35952 96943
55080 98050
41387 52966
82976 69914
25543 93263
81882 21236
96724 20998
51573 10870
70441 79489
59098 58824
60215 30243
45607 81212
41605 87414
68022 35237
22695 64990
63541 63168
50973 23828
70862 59828
43488 74023
15811 7506
37819 30865
33664 41252
89500 40612
1751 68433
46171 75511
47442 63113
89351 49876
64881 58667
75931 73673
62981 42984
28392 44114
4331 18294
5669 75365
14650 71992
46092 91930
12948 42721
65993 11897
59034 85395
48565 35352
45849 94778
89019 33382
95339 45903
15879 20688
97164 33979
71632 45459
66219 30998
66327 63437
77240 31945
68106 87816
60085 3075
37978 45365
37760 7183
71051 83895
48899 6965
61593 92734
88025 4679
48796 31139
99103 83259
28391 38642
82080 66191
81982 94166
87553 7793
1162 29605
33413 85646
82491 9484
39202 67787
77879 96737
31636 20718
83786 9649
78753 63324
93221 75270
93842 36444
63325 27224
54626 79229
35317 22669
82289 89644
94910 44461
50318 6857
62540 55201
59565 23950
31681 13320
45597 7910
28334 95614
32626 34404
88895 82248
27957 3132
60799 410
57833 77880
29743 31092
83392 37553
98195 14241
40602 50978
57143 33586
14741 20956
51507 81057
65273 30592
79783 38033
45788 67320
50873 26921
33540 74002
51654 81133
69719 60218
33967 17735
73026 5129
80886 27333
91693 52505
51267 86695
1558 71504
65915 56670
97024 68082
95739 20842
97228 42529
44821 7726
48795 11156
12523 93901
29497 33787
37172 19175
81776 4101
8054 33429
52416 84413
16748 3318
13060 68886
57399 14332
47446 84980
78261 28066
34132 39037
3623 77906
30431 51870
51486 80040
83907 39133
53646 85844
4922 70761
72222 30761
27787 97140
1317 32007
52397 86654
41020 30346
83881 61153
50334 51272
98790 774
87888 8691
44282 76659
67143 84396
86356 45701
13968 72821
36662 42986
67105 80577
10010 49262
99653 50901
59418 8339
25995 45312
48141 64997
52707 48322
2232 81685
13274 70085
29275 42414
19627 49394
33132 36692
63610 12636
28052 33795
98855 19299
93027 58059
38760 31729
76628 85963
75375 35345
89138 33778
83201 18780
10933 45215
42823 3941
19910 28198
43784 10180
45135 11533
91453 331
95680 80291
6211 8776
82207 14219
18123 1777
41781 59045
99287 90748
23682 45260
57926 71721
83715 73692
31638 24969
37461 79009
46163 92388
17666 80291
55031 85962
78992 27203
94096 36360
63858 48172
93393 98697
38159 26827
2196 13848
85102 49844
37327 13697
1926 35051
40616 31689
28415 16195
80140 74349
81052 10200
98158 52561
13647 55143
63346 4760
48148 90659
38222 48450
49837 66402
7068 16193
73869 44641
3083 1115
7357 97587
23968 2808
28238 52907
76252 14102
11910 77633
54051 73365
34871 3804
46798 65800
55033 32340
12119 44507
27328 25416
19195 51104
35030 33828
9652 3410
58836 53134
77603 30435
52094 60779
98550 32802
59335 32630
44434 29192
81875 49588
85420 79762
17065 88007
69645 8138
42881 97851
82015 41202
85878 42774
49416 55803
54801 41145
89930 33558
83974 67390
677 37679
57238 61599
65797 11976
54950 41211
11435 73772
21306 2518
77032 5175
7864 59025
45916 6066
40178 57140
37528 36127
39420 82714
8240 60461
28873 71612
7746 5880
68436 37163
58701 3996
98490 52330
54281 28061
80459 76163
32661 47443
95528 96037
90267 14986
88636 98857
33648 45813
13085 67420
59853 32830
65948 80186
59473 4894
87444 33400
87529 62897
93399 89827
73006 10612
90931 25932
86216 28832
98962 13260
47682 59828
19910 45840
6783 75447
32889 55925
1937 86141
55396 39049
16090 13879
36395 6787
86447 42313
43004 73584
10639 79907
12790 61206
3381 22125
98825 20763
8570 87498
2817 54658
17844 78817
98286 97263
14029 98065
99237 38613
68261 24660
46190 56065
14784 67380
9635 37828
94666 76819
57853 23781
56543 76759
90977 64313
81686 48328
3627 69429
35518 2850
34627 27407
56466 69826
82074 55486
64587 31260
76308 71682
90879 67650
90696 65860
97777 73257
41951 94795
32045 16932
57329 27415
42825 1891
17409 45961
25537 34545
80197 41780
52214 84174
47679 82361
1601 76075
103 22378
59344 49280
29610 65595
66303 53409
94353 87997
18403 99297
60953 13199
76712 95116
38729 98641
14016 38627
48203 81278
82076 30481
31213 32051
29894 70934
55837 43466
81391 89882
9141 89983
4485 88387
352 48714
81854 79109
20077 92171
56004 56972
53942 85815
42393 3333
25941 62890
29256 83749
24697 56105
51807 87586
29790 40138
2308 37220
22892 57450
21987 64964
15124 40643
92322 80309
6216 12399
73296 81169
78728 95300
16772 67010
20737 31311
51385 94609
19777 29074
98787 48327
18941 87287
42526 34941
20299 97013
53482 30955
41356 93899
48054 19769
15092 3762
55947 32953
94081 18995
37547 19148
2789 27770
70929 84744
40953 38275
25088 615
94009 43413
19266 30820
56155 30857
3311 83652
27393 84288
66799 97877
50718 45723
25857 81808
9826 19217
47715 8389
94699 22709
50465 13147
53235 18810
76221 35221
5724 34622
42135 15262
87105 74919
57916 12439
64130 28105
88610 9766
23232 97907
85422 40281
45149 80013
98911 23014
37189 57402
91553 48095
29335 53375
39714 84734
9613 51014
37754 8080
63890 32401
14082 94316
39675 82510
35497 24778
99588 39544
2387 65698
2918 5996
34032 60529
20661 89291
66230 36111
76166 45916
59099 95473
18340 13117
62715 51377
93326 33997
54148 62192
32632 97985
28694 21022
27615 13766
58109 39708
1492 16763
72366 70175
18120 50833
51905 39321
11718 93146
53135 1998
71616 52891
19668 65624
41699 35894
39663 24396
74119 47203
26 90066
22559 97656
10793 87754
40951 85333
47825 31540
21312 62170
4333 26699
18920 44977
87306 98739
67303 40268
24652 98154
29720 76963
14045 12394
1514 59939
91629 60436
9762 1839
94825 92026
27248 68583
50696 43668
58398 94956
22144 61452
80240 26628
66534 20518
53847 11527
3222 50
16433 60862
91483 98051
34132 93879
2113 42683
36453 63095
33744 16443
68946 71964
7939 10147
27244 65182
50221 58380
67609 15165
72285 34179
3362 94979
54140 44125
78120 18523
44418 26280
73133 19464
58558 11591
32835 9746
34297 28020
38147 11030
73450 58172
87375 44706
50192 71957
58504 30877
36284 51657
81133 18590
90296 76973
80783 9465
83795 1254
20096 57491
15819 99551
30861 18140
66160 16550
45705 70927
96847 63408
19535 68349
63840 72191
7065 39628
1631 93914
95297 45242
92059 39121
98078 84924
94999 90830
5699 81026
68237 39413
55918 16128
22223 83179
96383 78
73636 31047
42767 80566
80946 23422
85174 22600
62070 31423
48842 47233
25660 94631
97562 96541
55728 43974
61474 39526
6763 23971
39434 38506
21006 60917
42367 95122
19343 18548
13104 3568
35680 77018
43165 71767
25641 65589
53492 71163
42852 64183
68050 36608
19488 67889
72713 29658
36806 24732
61339 73663
21099 17605
53416 65737
41222 62441
57917 19121
26175 46741
23855 16383
21193 84716
84829 87398
84609 31024
80996 21034
17022 76743
43453 82207
50916 65393
1898 19409
38 68980
33451 96392
