200
85458 47978
10409 83233
65585 34973
81024 25350
9006 99059
34089 93185
56883 17335
94800 2309
56907 47021
96755 47354
79419 88762
95376 41641
88214 66919
39459 12314
55325 80691
10183 8192
77576 64599
18208 26850
515 44756
8201 47384
5502 61250
36412 55112
36882 58701
98669 54801
76846 2410
14342 7184
50125 21599
44877 58392
13200 92845
4976 8901
53195 74226
29594 34601
59875 65846
92636 1245
5651 76625
43557 29854
58806 5751
78518 76356
95209 24203
93943 87028
64984 55869
65507 11924
9311 86166
45843 82887
25913 60490
3594 48687
11791 5636
16516 66951
1108 9296
46759 66773
92505 9511
39538 54839
71795 75242
2383 55774
76278 37932
3975 69875
79752 62853
25011 40757
61594 18156
52309 45582
38601 12880
17759 21787
9156 75725
90080 98650
80918 41413
56682 8111
15786 96980
20088 57085
40126 26755
46088 79785
90080 31317
64460 81460
17452 95803
46126 89320
92834 48994
79037 48512
51094 3118
87836 23835
17431 50892
96231 75855
87261 40561
5478 84241
63258 60302
54908 54118
50924 63067
71053 2136
98622 13635
88804 18582
27852 67050
11798 7376
18779 6910
48626 36217
98915 11916
27818 79698
79339 47896
27199 5999
12661 32298
4088 66317
25681 10036
41917 70479
42815 48869
28728 24057
44949 83542
4201 14817
53601 48983
87763 49378
38796 71538
71825 85812
87721 74895
5492 92573
52241 84641
36680 97954
99299 26922
39153 13425
96823 46132
47918 6122
77271 61694
16736 24803
74740 31610
8410 15253
43477 41483
27613 87926
44673 32017
11050 66188
64068 69644
37062 68477
69771 46976
709 83837
82916 29291
97818 36234
53556 86549
57463 98935
71300 27617
74472 92593
486 83886
97235 57864
89467 36625
79823 40113
34500 98623
77102 16365
72508 12556
46217 66132
71056 21509
74251 72451
85561 70905
19473 98536
66022 74382
79927 31410
41449 91712
68149 5935
58237 36468
12712 11525
37667 30642
46722 56758
81631 17904
9091 92978
49012 15416
37664 22229
47501 44443
93478 84377
7156 14258
24463 6681
87890 13512
64779 31451
9142 73287
15303 15342
6943 31091
61995 20671
23016 33159
45424 24537
8724 41335
87560 36906
720 51767
35100 2100
57167 16416
73766 18696
65889 79448
69734 36893
76680 82771
75062 17324
17350 55870
98745 75442
20355 21733
56945 6592
77855 23686
20707 30999
16854 97491
30815 9044
22022 83032
33648 25760
56714 33369
53379 1359
37445 43060
81450 50491
94167 78619
69072 36747
8581 61970
19976 77473
21518 82235
24425 75372
