caminho: 

1542
1983
255
1280
227
787
646
1563
2095
2356
567
1791
649
976
1953
1338
526
1271
548
1561
300
806
1213
696
1739
321
92
955
348
2272
2477
727
985
46
1257
2321
294
2119
2050
1962
707
1220
31
1514
1188
829
887
561
2339
1263
1853
1578
1360
589
288
1690
1278
2211
608
503
465
1976
2081
671
530
1396
1781
1070
2454
1907
1086
219
1483
619
783
921
443
2148
940
2222
57
1562
420
931
1221
2179
565
534
1471
709
1974
1175
2001
1592
1363
1840
817
334
1891
2357
1729
1935
1503
249
246
1292
239
137
868
2445
1414
1016
26
474
164
882
1513
2142
342
2360
2113
1844
81
266
2058
1239
1291
1266
211
2010
1190
983
2126
29
766
83
1966
2354
1965
1714
1082
499
2105
2149
1735
1858
1443
43
142
1768
2011
1908
2401
264
399
2396
925
1963
1799
1433
801
1023
972
1509
1986
528
1409
904
1068
1269
1667
1934
1326
1400
674
183
163
1024
1437
1987
432
194
1494
1455
380
1657
642
2087
1141
1692
2206
1470
1750
1115
1826
1107
1126
694
1763
902
744
835
2074
957
2199
1333
9
1772
838
162
1871
114
1762
1041
271
1327
1624
1856
1921
2437
1684
2265
1960
2054
1936
1019
1625
22
17
1253
1113
2410
1881
1672
1916
1785
414
1854
1489
1247
2025
1060
225
1464
502
830
571
513
258
630
2415
1460
154
409
1784
1168
74
1251
2189
1730
581
1616
859
1985
539
1134
1600
941
997
1065
1589
883
1820
4
1311
1498
75
2408
2358
1106
1005
25
2071
2262
1354
327
1462
2020
692
2078
479
1164
2039
179
1052
1456
2463
267
1012
213
852
316
915
632
1268
7
1609
613
636
1593
1560
1576
1607
690
1521
1633
968
1186
1383
2292
777
477
378
1497
251
212
1163
1548
580
1635
1644
2461
1375
180
387
553
407
545
1760
1764
44
559
490
861
1507
1391
1706
858
903
1926
1771
2436
1312
1265
1156
762
2418
2254
956
450
790
2469
907
1407
1732
1984
2450
175
1073
263
1355
527
1273
640
1445
634
2082
1913
2268
1125
832
1222
2482
1571
494
1272
537
1992
2472
563
1199
511
1972
984
384
1896
120
254
262
456
1275
1857
2215
2067
2351
1688
454
1944
628
514
1977
1866
2188
726
977
90
588
880
2101
1207
1212
419
482
1318
917
1002
684
2167
1956
1132
1147
629
999
12
77
2094
823
1481
668
1623
5
153
2478
1378
2027
197
946
971
415
2395
1588
2055
1810
590
1532
95
337
2318
382
688
1911
1387
1801
2170
1713
2046
1210
2381
398
457
750
1230
623
1519
909
2338
873
2237
1755
2064
1670
1802
598
160
1879
870
795
702
24
2007
1654
461
62
462
1727
1872
1436
1302
1533
2332
445
1931
79
1603
1819
2100
1999
455
51
1621
2258
1451
656
2210
1390
916
365
1054
2041
2355
489
624
1373
701
128
2230
2382
1090
986
2029
1282
1479
1971
1752
2398
1034
374
2031
496
1579
2452
2233
1708
2304
601
2145
1380
593
1139
1478
2242
475
648
1490
1873
102
945
1204
2213
1313
1088
2120
2300
604
1702
547
498
226
905
1660
1946
1063
1062
1842
1925
549
584
614
1716
1410
1543
1632
1722
1133
988
1988
2239
406
171
2494
524
320
1110
1955
1980
1899
2400
152
1970
1515
1417
743
424
714
116
895
2198
1989
1121
1216
2076
2337
780
1124
2257
820
2330
238
582
1547
1786
1783
1486
2440
216
1018
141
2096
1790
1606
2474
2147
1968
1136
2289
1855
383
2377
1418
1010
1947
860
207
1994
993
965
1055
2026
2143
464
2221
53
1675
2116
797
1182
1444
467
1160
430
920
184
1208
181
2048
1890
562
2079
2275
1341
344
2015
280
2004
2423
1309
2099
639
1027
1454
1480
14
201
1122
2476
1329
772
1092
2202
1111
1841
1325
1887
2151
1555
1022
1308
2427
1267
2442
1101
933
2267
1076
169
1742
1001
2323
1541
1749
441
1658
1448
2475
1008
111
1339
1187
411
48
2232
1535
2183
36
2013
757
1171
1653
578
1381
59
776
1482
2331
314
737
1083
299
453
302
1804
1143
952
2306
1369
2085
2157
252
2180
885
1450
1659
1493
417
2273
1475
2090
1458
1598
1883
293
1032
278
853
1540
1775
1906
1401
275
804
718
1626
1469
585
2091
356
2464
317
1614
520
45
2269
785
713
964
1346
1734
1597
2033
1114
1655
2043
2483
755
934
2467
2325
1888
298
1554
1370
1920
2118
1352
992
1638
480
517
1118
1228
1569
1501
677
394
1140
1402
831
2284
760
33
2298
286
2187
363
2286
1809
428
1229
924
1235
753
1615
371
2164
2136
1359
1288
837
1997
2042
1559
1529
218
1818
2303
994
2312
695
1704
2496
529
1457
1570
2030
970
66
678
1813
1821
538
2433
942
2131
1330
1192
2
2371
890
2413
402
186
745
1938
2234
1886
2255
1893
666
1574
2014
856
2492
1281
1484
1537
1511
2405
1234
645
1172
1747
1549
247
253
1566
2093
2429
241
1825
2421
2190
2389
1595
372
2335
34
72
1862
850
2023
1778
1300
1553
80
1780
2168
2107
257
2061
1766
2109
1757
748
625
651
521
2327
1758
975
2219
781
676
2201
2207
764
966
1642
1694
1836
1389
1575
1435
1424
156
1860
1285
959
1226
172
1767
2491
1601
759
675
1064
208
919
1823
1556
6
2448
497
336
1430
540
1021
292
1177
617
1495
2443
2037
2017
2310
2276
364
2297
1206
1274
1922
97
572
27
1510
789
560
1031
638
1846
23
396
354
368
2249
1176
1697
1091
369
358
2040
1085
2333
518
1240
1795
1438
730
2308
231
2388
2171
259
170
346
897
2446
289
798
1039
857
893
2005
1738
1534
273
2181
2117
1244
2438
769
710
1817
87
504
731
1349
794
591
439
799
2385
1877
39
136
2348
1833
2416
1336
205
2270
1602
981
1673
2018
1026
1565
758
2224
1214
682
2473
410
1505
89
98
2251
1347
792
2173
1345
2283
1013
42
913
1017
2044
2193
1035
1643
1421
978
2244
325
662
592
338
64
13
185
1709
282
117
2032
2153
1245
1337
2075
1217
686
329
1651
1710
673
2397
1617
872
828
1095
1516
1441
2158
1518
131
1157
1321
308
1270
2228
393
1276
922
8
250
2049
1981
1993
734
236
1636
557
2083
1476
1663
270
779
2434
103
122
506
1769
2162
736
664
1361
1334
2068
927
2279
1683
770
388
500
622
2178
1089
1892
1894
2341
914
1195
2218
1637
110
667
1695
1319
541
297
516
1081
476
2453
20
2407
510
616
101
1100
1262
2263
155
2277
605
1885
1613
2066
1264
2336
91
73
1902
2376
507
221
2329
1465
492
416
1159
2223
206
2394
1046
843
652
700
276
715
1798
1948
386
722
84
140
1215
2214
704
2159
1194
1517
2299
1978
1880
1466
2245
107
1057
1112
2343
1162
814
2399
775
681
2062
1405
756
505
1357
1995
1850
761
2391
1335
892
1674
847
119
1025
576
717
109
1158
1197
1413
938
2174
1524
1512
969
418
1530
2280
2261
1238
2169
2053
1656
1219
237
2123
1395
1404
2466
980
1
2163
2456
99
1759
176
2317
1043
1467
473
2294
370
71
2047
168
2365
1415
2451
2495
1294
1344
551
711
1912
210
1564
1741
786
1990
277
509
546
2361
2326
1874
1394
1096
177
174
739
166
2393
182
400
458
1807
2238
272
1416
1301
2422
923
719
1733
2108
2036
864
391
47
2195
1793
2134
1261
161
680
2470
1909
2378
802
569
881
1649
1557
1937
2070
1246
196
145
1918
452
438
1061
1004
52
1942
866
1105
437
470
2121
108
658
728
1499
1127
1867
2498
1185
515
1837
86
1806
69
138
644
495
1822
188
908
747
1446
1797
1047
1794
609
1317
463
2307
1861
1356
2045
2411
1782
422
243
2481
657
1523
2226
1979
910
1630
1198
1701
488
2439
203
148
279
1179
1067
105
1679
725
94
2344
204
2156
703
2130
2000
1849
1237
2465
774
2404
484
1903
670
1203
2302
1811
306
929
2324
68
1839
1975
2350
1831
2342
815
1059
285
900
1927
1776
209
2487
898
2287
2051
712
1080
355
738
1779
88
1973
854
982
906
1298
1693
1652
1320
1843
1029
2127
1619
187
720
1211
635
2236
2313
1662
665
2052
78
2414
2122
2080
1078
1072
2368
1252
2459
2235
376
1350
1259
1677
973
653
1594
2462
1315
1585
2160
1144
2008
460
1587
773
2419
1718
930
343
1473
660
1398
121
1712
633
55
1304
1508
1573
483
425
67
447
2104
50
202
1930
2271
825
1377
2072
1314
1084
1865
303
1982
123
1305
1608
2340
274
822
1009
2098
217
1834
2274
1796
37
2373
871
2133
947
1155
1104
689
1079
427
2006
1138
245
349
888
723
2387
296
2349
1875
1103
2172
1224
879
2364
56
2177
1075
1048
1748
834
577
357
841
1129
353
1452
1774
199
2479
2480
377
911
2259
1527
30
611
1648
2185
315
508
1189
1745
1724
2138
1173
1726
600
996
2186
431
1353
1232
2319
891
1260
1310
1851
1472
574
1845
2065
1852
2019
2441
76
1924
2097
1777
1487
1431
1572
2184
1520
1003
1868
85
963
519
401
2285
1803
1030
1824
961
1108
1447
125
1914
1376
1098
2428
305
1056
732
339
1412
778
1459
1306
449
200
555
1531
544
341
607
150
459
819
679
1474
2425
803
118
1996
1832
1859
1639
949
1605
1249
2420
2435
2154
2353
1422
1289
1248
1545
1905
2301
1546
1949
1283
953
100
19
1698
2345
1367
165
791
230
1388
1477
705
1829
2403
2129
948
1689
2460
1941
1961
61
2320
2499
1577
1020
326
599
362
350
397
2106
195
269
1682
1109
550
612
1485
735
1969
1403
535
655
1393
335
232
2035
1680
661
575
2282
1929
740
2192
2241
1900
440
347
1967
650
1340
729
771
691
849
1408
2112
2102
351
2293
1928
1145
159
889
2182
1374
1959
2012
1351
1233
240
1130
1166
1719
1135
1468
2034
1496
2362
1743
2431
1500
442
1773
1392
2175
844
127
2217
1721
104
330
579
2449
63
1028
768
637
2088
1209
228
2009
851
2150
2161
367
2246
395
2500
2264
1917
1440
2204
935
2406
1146
1077
1343
733
1419
2432
1753
1014
1504
2060
2412
1193
793
796
1348
788
765
191
96
1725
1889
884
1201
1254
1033
821
1385
287
318
130
1910
295
1439
1838
1236
1293
1150
1665
848
143
782
687
1539
1720
40
2314
359
1202
1167
1137
319
1715
556
1094
1629
1000
113
1242
1789
486
149
1087
2372
106
134
1876
763
323
472
587
2209
2225
827
1011
1102
1250
433
2197
309
234
2424
958
1074
716
2347
1463
265
2022
1814
1284
385
198
568
1502
2322
2231
426
2430
1488
1227
2016
1117
1205
54
1765
2141
487
147
93
552
1066
2369
573
324
1427
564
627
220
436
2024
1666
1901
1816
60
1536
1805
1453
49
2486
1586
15
1050
2295
1550
189
1196
1951
2334
1071
229
643
721
328
2084
1590
345
1295
989
839
1696
1053
826
1169
1180
699
366
1691
816
697
840
2003
2490
375
1328
979
672
2290
1830
1958
1154
2146
2402
2417
2392
1681
1397
1386
1044
1827
1756
379
2103
596
1884
144
943
742
390
389
543
224
1611
1923
1528
2227
1256
2028
151
1116
429
2256
2444
2021
2384
2386
918
340
2114
1957
242
124
1411
1297
1151
2038
112
2137
1522
1668
1687
1699
1526
1770
135
446
1434
807
1299
523
542
485
2471
863
1847
1049
1342
244
2056
1324
10
2165
2305
1591
2252
1604
313
2363
2488
554
1058
836
2296
618
2132
2220
1364
960
752
1551
659
1964
82
1161
2229
1007
2352
2260
32
594
307
641
1153
2248
2111
1634
1628
1426
1568
268
1882
466
1225
1461
602
115
1506
1646
2489
939
926
2144
1800
928
1255
215
404
2383
1036
1723
754
896
2281
214
1420
683
311
912
1582
1170
2455
1241
381
157
1618
741
2250
1183
178
2191
491
1954
1218
878
936
2458
1165
451
2266
2409
3
2002
1950
283
1332
1761
1731
133
1362
570
501
1178
842
1898
1584
132
304
1442
421
1296
944
1998
2155
2069
1231
493
1379
1746
647
1119
1583
392
2390
654
1676
2073
2311
706
1131
413
991
2380
235
1358
1174
16
248
2057
2457
173
805
595
990
35
522
1558
2447
877
158
1728
448
2278
373
1754
2194
2315
1491
2125
2089
1069
2374
1200
962
478
2203
1939
1191
874
1661
435
1382
11
603
1142
693
1399
2135
1631
2176
284
995
1567
610
1645
867
1372
2200
2309
536
767
1671
869
2216
1316
1878
1323
685
1099
2247
1303
813
223
2152
2370
1717
190
833
987
1664
846
810
2493
1425
256
1128
1525
1686
1751
405
862
932
434
1287
800
1610
1622
1599
1307
2468
724
532
1423
1366
818
193
1279
749
1863
824
70
352
2140
2110
2139
937
1808
967
1612
2205
746
1627
809
899
1895
2240
1647
751
1870
1737
1828
281
360
1933
1148
1787
2128
139
1736
2291
1641
845
566
1678
1258
2063
2359
1864
597
2243
1848
1181
1703
2366
886
2253
361
998
525
2115
558
65
1149
332
38
1815
58
855
2328
1580
1365
2375
1788
1945
21
631
260
1552
1184
1038
708
512
2077
312
2092
28
1120
974
1740
1650
222
1277
1123
403
1368
331
1915
1371
1384
1322
663
1835
1040
444
1051
620
1243
586
1596
1406
1705
1904
2316
1037
423
1544
1093
1919
322
621
333
954
481
1042
865
1428
468
615
2086
412
469
1538
1897
408
1707
167
233
1932
126
1952
1940
2485
471
146
2379
531
875
1152
18
698
310
901
2484
1331
812
1792
1581
2346
2196
533
261
1097
1015
2212
1711
2497
301
1869
876
2059
1640
1286
1685
784
1492
1812
669
1429
583
1045
290
811
1700
951
1620
192
1943
950
2426
41
894
1432
808
606
1006
1744
2124
1449
1669
129
626
2166
2288
1290
291
2208
1991
1223
2367
Custo = 4632488.077461544

